343 207
916 90
223 793
732 860
457 140
113 796
64 650
426 554
726 446
734 340
590 468
4 643
977 678
273 786
220 472
768 41
186 982
473 95
568 461
354 794
994 35
802 335
532 63
651 996
780 591
179 166
216 717
232 204
325 613
808 288
966 727
304 846
903 344
515 392
258 8
91 620
889 248
808 634
945 31
213 909
913 509
317 256
642 48
67 797
161 290
372 280
70 622
167 147
955 755
208 724
207 217
928 290
454 361
68 153
623 982
183 602
67 265
991 607
357 954
457 628
376 88
603 826
541 855
699 713
650 157
759 117
142 827
38 439
180 523
605 183
604 97
138 489
693 16
101 209
569 803
870 217
954 527
637 745
278 416
240 153
975 527
286 204
96 325
353 121
302 40
306 655
568 490
695 363
441 107
516 196
192 843
622 938
893 710
529 225
58 4
317 707
610 617
626 342
213 755
2 209
281 85
623 666
821 348
166 885
373 625
390 504
573 901
137 532
660 869
226 875
292 24
77 410
377 387
843 592
47 730
1000 182
898 962
94 584
641 738
742 61
922 313
227 763
518 597
999 443
574 934
363 825
88 617
804 807
920 320
668 802
3 938
755 236
105 709
450 774
553 128
759 523
61 185
757 941
794 25
771 953
138 901
269 807
354 460
635 853
452 955
221 604
229 37
188 136
57 954
729 224
580 259
275 687
773 498
928 656
402 2
329 213
766 2
187 387
255 102
646 166
15 769
208 382
414 836
650 360
919 962
611 899
441 385
693 625
950 892
558 502
205 25
222 378
558 5
767 738
821 541
521 194
462 170
96 206
445 321
363 471
973 184
360 909
222 766
548 573
985 620
654 134
919 68
772 806
842 865
880 823
497 316
198 759
762 854
784 258
841 62
305 436
846 607
123 358
692 251
407 479
988 533
592 949
585 116
715 291
943 354
497 26
932 623
648 580
503 884
251 804
271 167
22 81
478 456
150 993
292 408
473 486
889 681
670 362
386 800
14 788
206 707
736 867
322 700
214 802
794 307
65 136
306 234
984 594
592 576
204 309
732 358
18 67
245 781
971 444
519 473
287 4
302 285
172 52
972 109
789 888
993 459
367 844
994 802
238 953
295 500
219 342
412 283
441 698
774 837
28 583
303 360
958 284
917 968
656 633
761 512
780 549
192 646
99 302
854 474
122 173
675 327
132 327
247 590
615 919
410 957
630 312
678 967
392 371
10 454
889 277
45 344
902 194
755 122
415 236
411 517
777 372
66 613
814 405
676 62
514 226
174 615
101 349
431 987
108 427
849 778
983 623
937 797
968 895
667 285
349 794
953 701
941 459
142 455
621 80
845 302
559 185
548 239
39 776
173 713
416 741
69 658
883 45
728 439
927 157
865 541
68 362
940 189
442 788
573 15
760 457
195 834
205 493
342 314
909 635
890 887
143 954
702 369
803 573
71 384
677 310
43 19
516 574
200 983
755 124
446 71
513 784
922 134
16 61
441 450
876 405
63 416
770 150
784 803
511 855
509 436
191 300
609 386
925 523
564 697
716 178
244 182
502 581
955 870
155 250
460 918
769 58
265 504
473 670
102 472
612 515
954 363
789 597
790 672
450 488
974 665
59 483
212 626
95 727
234 572
33 753
392 988
172 90
146 453
739 250
858 846
86 502
816 696
159 791
949 517
202 730
537 87
625 819
165 970
79 249
777 723
258 574
890 85
310 914
553 861
338 36
415 132
15 922
298 47
225 170
114 394
98 66
696 634
419 474
497 943
15 794
254 787
192 206
490 10
444 987
626 649
75 189
333 602
925 155
656 557
245 639
634 850
759 683
280 433
16 547
239 309
313 918
840 187
653 845
614 212
566 381
504 250
221 996
902 444
179 969
104 55
98 268
864 614
959 347
80 868
259 578
547 148
772 976
977 689
95 29
536 884
698 270
488 461
786 939
465 443
550 340
854 599
949 97
985 691
367 212
279 288
7 676
46 774
194 113
403 561
984 36
392 507
378 727
122 695
43 356
955 821
624 829
308 132
495 7
480 484
725 99
308 965
492 771
721 535
583 397
421 525
443 42
252 290
6 493
945 953
840 620
897 859
69 609
641 695
709 779
956 87
876 772
402 372
277 663
175 89
21 267
322 852
885 74
848 181
838 230
840 753
969 918
267 387
990 999
147 692
624 527
447 156
360 754
331 5
80 728
285 659
404 167
794 164
756 759
161 396
690 24
790 237
626 558
973 774
482 304
664 696
465 997
402 220
823 309
788 579
318 548
91 908
197 710
893 640
761 560
241 372
735 692
803 21
737 295
178 247
226 262
411 413
713 805
813 344
116 913
593 410
126 540
943 797
673 600
943 120
26 536
427 9
517 571
227 110
86 153
889 998
267 297
441 968
164 710
383 356
400 459
903 880
832 77
544 849
552 828
369 971
729 987
127 73
821 99
815 488
39 850
703 582
796 656
630 482
294 802
728 973
2 990
803 824
993 345
673 698
326 311
748 589
331 719
616 50
961 389
399 855
453 472
110 607
188 968
808 38
727 181
269 107
660 876
377 218
836 879
615 538
539 112
73 211
292 475
231 566
364 245
655 250
365 194
516 818
454 967
234 161
842 508
153 730
931 178
546 778
88 362
65 102
223 737
94 929
98 169
892 916
548 188
997 356
45 612
532 842
686 145
447 819
79 874
690 290
964 229
836 78
246 559
814 902
306 8
729 975
106 109
679 566
440 878
731 510
874 654
333 283
588 949
713 746
291 141
985 312
976 553
488 419
680 883
698 18
623 21
394 299
95 211
875 399
245 984
445 712
951 964
895 596
225 306
861 453
674 379
901 582
769 816
522 310
942 52
309 871
212 908
212 804
112 428
874 47
117 692
379 624
535 274
181 971
589 296
667 33
188 154
165 102
999 723
660 189
458 973
873 666
881 433
106 626
796 384
780 169
67 652
299 256
454 815
117 112
615 463
789 384
983 904
205 847
440 808
8 450
268 909
366 473
79 993
61 2
760 76
407 526
3 768
482 718
945 274
765 271
308 680
362 343
522 918
873 905
762 889
843 222
476 810
579 474
40 411
496 812
180 968
830 979
612 53
948 305
830 584
818 955
340 690
620 46
850 116
593 93
2 408
626 199
130 48
812 677
247 675
139 955
501 114
167 273
827 55
678 236
481 487
66 831
693 592
876 987
461 390
295 254
7 897
832 69
818 304
795 757
835 312
860 523
364 237
463 182
289 236
474 791
212 919
958 673
17 167
925 923
125 119
187 935
823 576
688 284
519 365
659 251
100 458
94 570
134 25
596 183
600 418
203 826
622 41
764 558
767 690
234 960
673 155
772 919
134 962
167 843
905 972
926 390
213 66
787 157
422 829
243 852
687 485
42 210
88 713
217 770
161 701
657 894
701 534
862 141
74 143
455 140
120 884
524 108
747 208
520 40
365 598
65 650
283 708
256 820
561 306
108 585
55 243
823 741
369 316
8 680
898 948
629 454
623 690
615 476
208 68
547 605
813 192
263 774
764 242
638 733
13 358
523 133
335 303
251 750
266 752
782 921
932 809
925 801
498 194
381 87
672 105
481 400
293 515
539 568
570 721
953 320
587 781
696 126
635 712
61 903
496 32
677 433
611 337
671 928
642 983
770 687
564 477
203 303
540 811
386 315
464 304
359 333
265 351
459 206
96 179
203 697
177 842
182 326
986 722
84 948
134 98
340 275
61 403
482 405
378 509
310 591
377 178
6 38
555 274
815 625
533 128
848 620
54 523
200 277
214 25
977 570
72 793
728 311
6 135
859 392
671 447
337 664
416 381
30 988
996 967
636 880
348 39
779 129
721 624
750 589
908 660
569 88
816 197
439 858
668 848
680 779
856 475
159 403
524 914
236 136
755 993
359 868
52 889
394 726
62 418
706 57
487 615
927 344
954 1000
907 640
39 984
886 788
824 98
394 469
809 759
873 184
911 120
227 935
712 644
896 110
347 203
462 45
543 855
604 857
874 669
218 915
987 512
198 788
942 966
303 536
857 246
979 693
231 689
387 985
151 686
249 698
109 403
645 936
285 62
466 43
399 779
176 577
588 906
12 396
89 266
870 536
153 287
158 955
604 117
217 644
778 842
925 825
538 955
146 23
508 789
367 956
901 973
993 580
344 384
241 285
43 349
242 474
60 692
545 369
891 936
619 203
661 425
167 274
934 400
911 766
858 415
401 332
598 257
502 630
417 624
740 238
176 617
698 270
14 385
116 911
887 880
337 164
161 816
494 601
872 730
210 289
835 781
677 413
70 260
279 412
903 33
331 815
487 82
880 957
472 526
194 910
959 331
250 285
665 321
612 469
790 570
978 589
486 692
109 116
400 101
395 862
996 219
879 492
833 990
839 900
801 916
396 594
180 597
648 443
249 351
279 205
835 524
203 122
67 358
762 500
542 15
386 640
879 551
992 954
633 74
916 124
317 310
705 335
953 209
888 331
938 940
847 63
752 883
167 911
871 418
961 698
227 151
814 229
191 375
480 173
965 607
333 721
638 393
679 523
857 884
29 881
896 882
113 751
337 334
406 52
647 774
230 349
399 585
431 964
672 187
393 566
549 437
905 377
730 346
288 863
48 300
676 371
267 7
190 674
352 121
708 597
207 411
662 38
684 280
491 318
321 305
676 750
116 70
3 808
924 982
834 203
669 866
172 127
906 617
744 787
649 664
403 532
409 999
978 260
736 334
98 211
543 849
286 624
763 793
733 290
32 749
674 611
291 77
367 249
423 24
341 724
446 421
25 704
670 685
281 310
462 633
116 997
198 553
198 57
992 126
673 330
57 386
92 884
600 464
139 611
215 928
804 73
649 851
674 920
291 744
822 723
524 863
789 805
258 847
783 447
259 447
602 666
598 160
87 649
121 591
974 152
330 748
714 607
860 392
6 49
202 311
257 161
735 678
39 477
898 364
234 130
267 997
157 21
298 255
758 606
861 9
988 200
139 28
245 493
666 439
179 380
563 831
327 393
642 628
219 168
506 369
467 76
208 686
324 638
713 454
186 261
65 595
590 384
144 219
439 330
876 835
163 2
776 977
210 374
421 627
572 465
495 856
277 467
938 196
211 506
763 417
577 62
660 338
325 508
475 592
995 815
15 867
858 952
205 215
421 401
506 623
937 735
95 691
976 798
370 94
899 493
151 707
57 682
212 322
995 204
390 352
174 990
217 844
515 446
56 920
186 132
874 137
545 370
976 508
979 100
189 425
945 30
282 442
413 4
638 667
912 668
340 466
750 10
144 679
913 815
498 435
428 30
279 26
565 799
575 439
238 32
74 873
805 865
107 634
889 110
484 871
813 957
926 388
828 288
473 510
236 281
629 195
126 263
857 347
730 928
69 254
591 790
816 430
294 501
92 801
139 992
870 471
484 313
562 72
884 258
794 214
861 984
120 858
706 97
536 664
335 659
91 254
89 784
378 135
540 383
520 378
82 739
92 948
839 617
628 918
163 950
239 896
649 553
179 827
106 17
590 182
549 500
885 342
350 892
627 644
980 172
160 949
529 89
35 897
627 271
101 841
61 668
14 687
76 683
464 23
194 185
15 890
81 723
979 271
451 877
425 853
407 828
893 978
788 143
586 971
647 544
607 967
535 354
423 656
732 471
619 966
37 4
209 868
927 997
197 355
238 530
82 777
377 979
864 194
441 938
818 202
363 733
123 690
781 751
475 466
766 352
633 250
587 67
500 863
712 257
891 565
402 324
817 767
865 193
508 518
297 27
454 169
24 332
505 787
850 911
656 451
727 283
537 279
255 17
68 824
108 318
37 813
227 322
507 406
588 463
846 91
350 399
871 339
528 492
915 720
284 144
727 523
850 406
783 648
472 649
351 641
559 138
902 426
242 984
906 516
554 494
914 193
243 477
950 632
329 188
167 186
62 695
840 565
561 52
414 409
752 896
977 60
797 160
727 118
459 464
583 154
672 528
692 233
245 878
441 287
609 475
244 576
135 396
590 494
293 42
661 716
84 444
637 644
134 913
860 991
56 446
53 360
457 555
851 986
564 690
102 535
888 472
537 829
304 82
231 577
94 575
936 733
921 93
986 497
248 478
5 594
826 122
498 968
839 491
1 293
690 241
617 107
717 795
53 93
442 227
856 789
823 294
123 101
25 290
72 498
339 61
91 872
722 137
488 599
465 729
43 393
538 603
367 884
687 187
121 411
957 395
606 493
784 855
344 373
305 4
387 94
210 906
101 510
749 432
150 713
855 35
25 154
978 421
832 495
776 807
202 328
598 839
25 417
858 394
91 355
691 657
171 838
826 255
584 479
399 871
28 328
126 13
502 913
726 357
595 528
123 523
756 630
417 749
448 522
523 398
675 326
9 854
408 627
899 464
691 88
609 954
868 128
661 898
990 903
284 133
952 968
636 113
122 899
52 186
69 626
844 510
440 84
431 786
539 687
587 577
461 222
291 619
42 432
710 875
292 431
805 314
564 156
224 343
560 697
237 273
460 514
556 521
810 597
651 539
894 939
847 468
770 472
649 522
687 496
841 752
441 371
1 87
555 206
301 165
797 948
373 382
624 345
255 331
747 840
717 798
338 19
677 485
17 921
884 32
632 690
59 7
328 714
879 675
579 677
260 777
199 180
3 309
748 465
853 678
144 690
747 173
365 458
362 864
791 872
776 353
403 429
347 903
202 144
240 733
765 669
291 466
372 278
431 824
983 324
15 94
174 309
466 268
531 475
55 146
698 49
279 732
469 66
68 614
738 862
724 597
728 566
677 752
951 878
577 157
706 496
31 599
361 130
246 536
935 318
243 988
795 56
782 761
223 276
604 31
746 80
120 527
252 211
465 804
125 648
654 800
689 235
293 24
858 344
995 406
997 907
93 554
769 659
432 635
550 655
804 658
933 718
529 968
45 519
57 610
458 516
708 450
477 108
593 635
801 756
902 265
879 709
389 14
972 601
575 606
625 348
108 826
551 410
207 452
573 44
597 496
122 572
666 1000
523 561
278 437
887 211
61 444
157 432
553 698
46 720
91 887
210 829
293 763
334 703
134 364
438 249
639 196
81 596
347 110
908 656
701 762
922 508
261 421
65 884
735 363
645 346
434 473
878 268
492 421
914 48
370 83
159 290
847 78
917 124
808 791
533 742
352 56
934 828
77 980
595 821
925 171
443 454
909 782
754 486
711 542
926 977
636 174
255 886
327 425
699 887
250 960
60 556
924 114
292 368
20 894
568 97
969 390
353 971
221 230
549 936
134 617
326 618
398 399
550 254
182 565
393 845
789 633
749 532
649 761
974 660
667 18
885 248
513 907
163 136
135 830
702 168
928 932
339 942
919 375
668 191
231 152
814 252
376 96
309 243
363 174
935 890
549 326
803 590
857 828
97 161
348 9
186 242
443 573
409 229
300 518
765 339
407 896
321 987
627 288
281 477
573 159
813 428
292 89
996 755
583 551
708 830
494 773
75 134
399 9
323 825
201 548
467 452
637 533
896 687
687 365
707 679
346 263
266 75
51 935
744 366
102 779
46 495
130 95
477 751
251 87
907 921
259 116
510 996
679 695
817 986
947 971
348 788
187 644
631 403
997 579
27 547
662 972
248 298
523 491
253 901
138 150
432 951
205 694
617 388
22 727
552 292
713 931
787 818
789 644
850 114
768 958
699 154
382 878
265 329
648 908
518 599
375 208
68 544
228 298
134 361
166 646
771 790
386 612
378 135
639 90
781 631
222 330
679 354
369 399
776 613
795 828
136 967
256 541
829 827
245 81
198 692
563 847
256 411
656 832
552 309
846 258
584 889
506 817
635 403
337 766
112 303
55 120
463 606
625 180
275 342
825 522
277 91
260 872
380 384
141 454
136 728
79 141
315 691
472 772
114 884
382 41
550 174
985 105
332 979
908 856
276 154
100 255
648 776
344 567
709 474
650 98
850 828
413 577
194 298
803 590
437 689
755 470
436 199
322 500
928 968
394 820
556 35
864 173
788 159
265 641
274 38
525 934
746 658
127 955
620 879
565 326
507 146
556 458
641 147
151 995
487 119
83 783
659 330
956 960
900 647
286 489
851 654
281 430
332 33
651 891
837 15
61 922
702 522
24 677
678 471
783 695
371 162
613 137
809 704
252 497
60 823
56 270
280 419
368 511
774 239
594 896
886 324
349 896
646 139
793 278
651 361
628 714
207 422
883 776
739 467
422 428
155 495
227 757
284 568
333 941
498 642
234 515
793 571
737 287
407 657
504 130
168 237
679 93
969 775
500 816
178 875
314 508
703 637
633 582
753 103
881 764
953 673
291 857
408 953
136 293
358 754
25 417
865 321
331 356
264 340
654 155
494 108
809 142
6 494
62 631
424 497
884 367
176 495
690 295
413 176
673 643
285 734
420 187
568 329
593 44
815 384
895 295
823 213
3 290
762 894
878 535
476 733
334 997
234 748
266 312
233 700
681 660
68 667
317 916
918 994
297 572
362 763
518 221
246 185
857 405
874 596
378 93
2 750
965 542
335 197
535 582
190 636
34 698
315 97
999 741
623 699
448 825
292 425
751 901
422 111
686 977
124 130
374 609
738 548
309 184
105 982
375 915
362 591
104 636
844 501
812 262
500 512
415 185
12 219
872 145
607 304
640 973
527 11
911 628
303 700
21 897
710 852
395 569
167 366
85 500
671 390
897 297
372 985
810 688
665 115
384 627
287 621
384 442
174 427
223 169
493 217
632 760
206 528
825 312
740 851
895 988
697 369
802 247
233 27
481 824
909 1000
476 503
51 367
85 675
484 469
502 834
590 944
645 370
879 549
956 470
779 128
965 818
932 751
117 473
675 882
925 302
994 57
10 144
565 385
757 310
37 642
546 647
702 676
689 1
37 421
338 408
498 739
381 513
502 339
87 703
789 282
839 440
641 594
165 19
114 321
347 711
661 883
593 207
878 231
524 173
910 657
481 747
139 274
357 508
626 942
452 747
93 601
818 548
539 157
613 166
662 527
472 461
39 246
192 13
220 107
485 779
864 377
36 84
880 632
93 39
942 361
688 224
964 523
341 429
372 543
492 587
671 373
393 289
152 824
894 513
247 877
766 811
50 531
783 329
805 316
70 482
698 748
571 322
374 772
897 44
852 446
606 303
864 339
133 797
209 76
447 952
938 108
402 324
407 418
984 652
576 640
681 667
437 244
924 211
294 581
77 780
885 174
202 461
922 295
84 280
431 511
347 682
84 964
412 109
173 590
79 320
842 26
279 529
535 112
918 769
956 307
115 985
397 325
717 650
952 273
438 286
360 531
916 569
114 616
583 739
726 138
286 934
910 189
752 553
508 153
291 536
66 477
576 252
661 58
42 240
429 459
907 337
788 340
914 807
594 276
855 235
138 230
468 299
583 353
753 618
382 639
577 276
964 619
898 583
269 493
222 450
65 581
536 369
147 251
528 562
205 321
143 119
840 137
384 369
352 958
281 586
183 152
577 653
65 459
750 803
502 953
401 325
957 866
854 597
419 317
427 459
111 912
760 889
978 668
255 901
374 33
952 295
515 789
470 13
523 440
234 163
299 170
427 73
298 657
543 703
802 339
461 862
506 386
955 658
240 491
120 874
610 108
983 499
243 85
121 467
414 951
741 404
320 333
589 935
416 663
149 896
440 482
254 137
601 7
202 345
489 159
407 9
394 203
291 639
192 988
266 168
183 988
858 837
995 821
83 497
531 20
302 628
373 867
275 938
112 664
130 445
988 451
396 549
858 436
384 567
892 905
700 762
371 806
352 115
96 494
449 882
239 229
754 828
846 746
331 117
550 102
735 151
958 781
577 943
188 57
873 848
29 522
921 101
354 269
260 130
935 702
812 665
859 793
489 885
207 84
335 931
433 129
814 624
254 943
689 436
989 523
786 510
669 161
16 887
283 71
876 810
302 674
552 652
139 260
506 282
475 973
838 560
811 751
716 887
205 300
387 563
913 60
417 597
517 261
744 281
89 918
762 148
565 175
365 409
909 605
897 596
834 993
826 386
696 171
691 508
886 497
510 217
643 831
244 611
359 225
917 75
204 685
169 215
454 969
630 508
705 68
266 626
304 822
32 388
717 299
289 782
697 7
602 879
304 530
587 885
556 650
697 131
848 652
865 242
143 200
6 48
619 516
499 666
43 924
173 837
113 135
222 798
440 626
899 69
136 665
650 260
58 637
740 478
330 961
201 889
59 869
278 457
815 783
308 228
961 556
586 498
878 714
540 29
444 281
134 562
75 392
220 141
736 656
522 800
917 458
209 467
92 669
172 854
698 792
320 66
170 578
556 652
962 230
351 321
317 166
295 252
245 304
240 99
850 623
240 327
580 756
58 603
65 12
782 840
841 207
276 462
783 611
587 313
28 280
416 750
1000 64
24 155
253 541
922 261
133 383
76 227
846 754
817 641
995 661
664 17
54 459
977 795
104 515
801 259
497 196
12 189
716 637
541 273
447 897
968 562
169 945
221 133
368 780
23 792
494 559
571 628
597 63
96 572
454 948
652 142
758 596
761 660
404 919
8 956
804 919
594 327
545 992
446 737
180 618
200 423
721 705
834 392
245 538
877 662
533 684
847 604
107 696
871 646
319 498
33 295
88 705
979 747
983 605
911 641
840 17
793 631
938 293
102 542
126 287
654 770
99 996
243 1
319 337
144 849
917 595
628 203
780 351
189 201
390 745
209 373
371 682
963 333
35 618
890 297
133 952
277 876
845 10
590 40
184 228
145 365
195 54
688 391
871 713
236 110
271 981
11 425
463 856
161 915
997 884
692 695
676 635
342 28
44 983
403 210
870 687
866 611
31 476
425 245
117 441
822 567
927 124
282 839
389 785
911 840
222 365
631 893
828 246
156 989
44 925
693 921
209 556
144 944
535 297
474 525
42 872
498 385
348 647
47 197
907 703
510 900
125 83
705 972
586 582
280 989
406 56
854 527
575 892
569 385
873 54
99 211
525 866
146 89
162 692
862 491
550 638
271 952
68 424
808 71
186 807
403 682
471 399
220 461
638 233
965 212
357 886
72 663
802 449
36 290
669 410
534 509
248 833
91 799
856 127
898 523
347 923
825 356
367 804
198 295
471 909
157 856
934 3
473 847
32 445
153 408
793 845
285 409
824 775
349 479
998 177
801 774
644 216
745 75
538 77
974 333
521 763
36 268
319 540
850 605
830 870
581 460
789 774
129 940
736 771
371 174
68 709
145 320
407 611
442 217
123 557
456 290
127 721
635 539
118 740
297 981
932 145
889 399
347 448
987 415
923 318
493 113
207 23
337 587
774 115
119 693
925 584
618 569
862 759
784 524
849 724
869 909
169 808
166 222
866 538
966 43
75 376
523 944
540 686
298 851
90 2
405 508
286 632
415 370
683 132
227 739
824 491
847 796
115 176
358 770
782 439
711 89
612 452
244 432
771 589
693 55
765 410
116 310
803 362
336 804
683 789
698 925
699 797
8 925
721 129
702 472
428 96
65 236
203 428
373 469
489 497
76 624
254 60
193 302
364 491
261 924
871 356
15 125
593 300
854 231
457 396
247 684
442 646
774 974
307 106
347 226
916 891
43 513
217 933
49 531
450 96
387 502
243 298
82 86
81 943
617 449
114 139
448 995
626 963
220 147
672 250
734 380
414 224
81 322
251 448
156 196
705 362
904 578
379 603
258 760
980 71
997 850
800 220
658 43
406 149
235 135
280 236
883 346
312 369
484 708
227 366
65 59
22 437
823 604
205 573
188 942
867 282
523 177
192 930
265 857
100 175
561 478
570 609
763 427
813 693
754 438
671 556
120 210
923 56
310 99
195 246
556 20
1000 824
544 657
324 43
374 281
970 701
72 667
898 465
856 245
346 925
299 947
662 399
807 481
121 664
78 476
348 585
560 401
201 638
438 253
851 408
639 998
927 798
184 435
230 515
787 706
829 85
761 52
183 874
60 981
127 506
920 917
712 136
671 606
799 395
909 661
27 53
948 554
906 562
836 754
420 972
964 934
224 568
670 809
616 562
160 867
256 470
846 735
769 458
638 362
802 758
162 143
817 267
128 300
91 790
729 113
390 445
878 67
336 971
29 436
782 883
601 496
854 911
240 630
801 230
210 643
740 113
384 68
775 483
176 738
531 385
516 961
380 918
466 79
429 921
586 386
295 644
358 229
965 374
167 920
428 581
62 755
2 221
964 641
290 97
758 815
931 274
977 637
880 168
181 53
535 654
846 733
706 843
355 253
977 746
211 483
952 413
979 91
629 382
207 757
753 273
394 331
92 623
398 985
353 647
109 827
738 854
635 870
300 154
574 276
146 69
646 276
606 663
878 624
259 63
33 809
397 296
90 972
362 31
289 771
604 574
304 672
127 20
306 359
606 825
580 138
437 237
687 117
470 749
449 330
872 175
895 796
377 654
800 971
435 332
996 220
555 257
539 178
707 562
453 517
530 569
422 66
197 82
202 397
286 514
874 990
909 790
453 705
325 669
340 786
835 464
971 70
718 904
861 303
43 309
275 621
88 899
634 712
589 266
224 277
814 950
140 380
891 856
483 19
399 200
849 806
741 848
269 670
183 349
127 678
236 100
43 245
740 553
789 411
639 159
960 6
564 485
778 855
709 498
173 193
755 759
481 612
787 947
788 52
306 803
116 732
48 659
232 491
773 642
515 245
423 871
159 680
220 463
330 511
635 722
264 579
32 320
292 978
786 120
990 421
384 382
505 757
437 494
949 264
538 704
358 266
769 144
106 714
713 92
515 188
682 197
95 360
335 103
837 812
289 312
366 793
637 213
179 575
4 396
750 512
547 32
835 66
190 107
773 191
902 649
5 279
63 347
581 79
244 194
683 922
841 511
574 808
271 771
680 762
406 694
831 174
229 256
299 821
508 9
251 780
180 324
255 467
808 542
322 608
597 969
891 331
589 883
548 473
477 124
573 303
250 370
580 255
177 501
134 23
423 355
625 688
14 962
890 893
855 122
416 383
651 710
785 496
687 276
332 939
476 545
468 697
434 479
788 617
705 795
787 75
764 497
857 757
290 799
715 377
274 459
269 535
245 646
235 806
893 939
627 19
933 183
670 253
67 595
612 359
972 56
794 58
560 511
220 590
82 24
416 154
143 129
11 540
350 50
822 93
972 833
911 237
426 863
64 8
316 654
88 326
411 2
396 964
304 944
706 650
857 949
868 720
532 543
691 300
429 841
109 595
284 57
645 63
187 166
264 749
830 929
890 20
67 583
182 838
801 873
757 484
744 822
798 783
582 341
504 855
551 449
400 601
443 820
33 448
469 15
532 228
906 471
721 569
759 425
353 256
229 371
878 886
140 301
260 259
840 457
787 368
257 16
423 996
704 375
710 976
874 624
519 388
175 190
137 59
668 839
577 990
913 996
505 757
704 343
700 786
278 578
129 861
765 902
223 172
847 955
761 63
719 346
983 860
660 246
926 246
338 388
971 951
957 952
872 529
981 871
551 605
32 189
17 82
372 99
836 808
216 828
804 653
970 650
352 192
428 38
104 224
412 638
815 702
640 271
46 679
507 535
826 658
734 111
68 401
247 416
669 184
177 286
441 145
209 864
752 412
792 270
831 346
873 850
978 474
766 411
208 626
435 405
99 975
502 943
671 420
835 843
130 187
952 668
733 379
523 996
309 328
826 500
167 918
55 828
294 663
819 567
41 935
585 30
418 881
808 14
848 177
403 349
572 402
39 72
986 255
93 496
871 620
841 594
406 480
710 722
963 438
494 528
69 647
139 794
142 958
76 534
907 498
876 912
752 655
997 653
873 203
351 669
115 835
62 761
524 79
180 398
860 719
580 298
472 348
28 94
944 616
731 241
292 770
626 4
172 719
39 21
556 790
875 39
851 939
845 25
411 684
196 749
62 607
762 836
222 153
77 263
987 669
565 844
475 624
749 929
720 53
951 81
623 519
466 823
552 603
711 933
207 532
447 128
729 305
670 465
628 287
938 806
989 134
303 588
164 188
886 199
107 401
617 415
66 873
38 133
199 724
626 236
229 926
655 413
176 59
663 354
926 692
327 104
850 628
853 698
769 226
34 957
216 201
520 527
19 508
352 19
194 142
691 198
880 455
330 672
567 935
499 747
740 573
84 217
901 333
148 357
232 786
664 521
882 474
733 494
715 209
337 913
109 801
570 489
977 644
582 301
66 125
340 967
592 982
998 474
317 728
885 296
1000 988
624 845
786 85
528 827
716 594
470 621
378 7
376 339
144 224
423 362
123 922
177 786
911 19
600 466
9 361
461 925
31 253
375 933
346 638
317 830
888 178
855 754
837 393
29 362
114 366
199 135
539 816
501 376
54 922
576 393
285 209
334 455
486 530
94 6
724 757
181 637
12 278
837 162
766 280
38 529
583 918
291 254
970 956
843 646
265 231
187 687
459 20
857 536
168 896
853 454
525 675
317 527
498 846
94 814
635 7
23 735
403 253
210 778
759 663
309 735
809 188
767 960
830 708
763 741
450 949
454 785
75 951
285 198
744 199
911 468
164 213
680 498
378 254
272 383
604 533
667 389
306 555
468 410
744 334
330 198
586 80
720 431
176 848
925 89
311 124
880 435
860 167
130 857
179 500
662 910
52 96
420 478
320 226
665 995
823 635
365 632
598 1
760 733
494 806
805 339
351 347
901 5
731 663
36 44
806 103
900 635
987 8
756 962
67 181
344 35
581 136
301 73
336 130
94 651
706 975
63 280
123 709
746 452
571 84
984 756
817 512
837 547
931 692
599 493
431 501
215 747
235 433
944 251
10 434
87 968
947 828
546 127
388 187
326 579
548 566
883 628
737 158
32 215
280 354
673 27
772 557
131 790
141 314
993 922
879 913
966 218
237 415
708 862
88 106
794 486
716 440
825 75
986 380
429 912
240 322
296 334
770 946
314 513
614 345
368 231
362 83
105 352
984 712
326 580
898 695
376 731
461 182
810 540
600 261
659 662
223 511
226 823
893 846
87 577
291 794
131 424
891 937
814 81
550 29
110 478
365 734
849 439
972 199
52 476
271 213
431 325
518 809
578 887
744 20
463 252
153 862
357 529
635 913
313 8
303 274
511 78
664 184
651 617
56 481
477 874
693 410
559 213
190 331
967 495
323 933
366 252
313 57
785 635
300 133
862 793
362 861
215 767
660 751
282 73
27 968
346 424
868 825
742 699
734 65
796 256
577 177
759 572
607 512
802 187
566 15
734 534
509 283
992 252
987 159
227 297
905 203
159 513
89 763
751 652
159 352
233 333
677 41
831 933
26 643
469 964
482 231
978 815
660 321
889 556
225 669
667 355
721 129
919 988
559 383
879 238
307 163
110 880
580 139
701 28
273 868
956 226
776 700
864 38
393 959
493 516
672 294
207 2
787 306
555 479
8 152
794 75
10 883
350 612
20 37
308 419
458 315
305 706
159 289
186 51
315 235
623 583
331 448
628 818
956 623
509 49
907 458
714 618
340 206
281 280
374 903
70 196
714 627
45 691
262 127
607 597
231 585
96 579
141 431
206 136
927 135
585 696
827 475
545 191
331 547
780 2
954 831
56 938
596 95
354 80
653 446
749 727
499 361
71 471
971 809
576 389
750 189
595 320
836 154
28 937
906 739
717 946
976 564
662 179
321 256
530 568
735 451
473 177
264 169
7 405
196 225
586 446
173 719
324 365
397 668
610 70
176 647
986 406
300 205
160 36
456 760
940 730
976 387
204 245
315 952
597 223
156 762
842 928
362 859
481 591
591 916
518 972
256 695
889 267
968 483
60 590
804 134
679 360
282 335
870 633
950 29
146 556
113 313
528 168
656 149
167 318
21 623
311 284
330 573
244 535
832 277
510 253
948 702
806 211
130 803
103 851
330 771
601 57
840 265
305 252
436 381
864 594
520 332
13 963
568 600
129 659
987 963
870 99
317 621
978 664
660 691
309 614
704 509
190 914
795 784
293 999
989 949
372 332
155 991
542 321
737 836
214 641
70 613
685 811
959 404
768 418
911 192
755 446
139 106
535 222
41 178
162 690
373 169
163 708
31 984
582 532
166 420
410 853
426 2
241 44
903 188
677 672
476 987
528 149
213 611
869 594
112 919
325 944
101 863
125 1
113 871
330 219
358 644
722 318
451 169
870 384
893 533
176 454
302 245
188 224
900 9
199 724
976 920
241 971
989 419
427 735
386 974
324 333
243 122
305 624
110 220
465 147
310 202
2 813
479 392
860 66
73 767
143 411
678 330
796 261
418 511
852 331
838 824
305 910
1 125
635 619
691 799
381 157
123 834
517 64
409 743
206 629
593 412
291 407
663 947
49 903
555 195
750 765
966 236
164 889
386 380
895 268
117 203
627 418
946 377
247 564
942 787
83 311
234 295
64 229
231 747
554 517
919 519
903 361
249 683
43 818
906 147
68 835
20 732
686 850
334 84
506 865
145 581
499 757
77 248
282 1000
806 245
636 234
913 799
217 353
306 832
236 22
585 324
892 312
777 58
49 978
981 440
514 169
95 102
117 146
7 990
584 685
98 486
99 27
452 269
901 132
33 383
424 319
282 489
231 638
631 869
705 701
706 406
850 358
257 617
942 523
804 954
501 289
616 445
188 32
359 579
83 419
248 666
391 442
861 218
190 95
607 46
825 815
640 120
693 989
437 801
12 373
580 547
400 107
838 606
919 822
972 763
408 111
318 908
558 108
708 466
957 840
876 860
371 311
508 618
278 89
934 67
586 559
769 35
740 79
775 757
227 116
635 913
965 744
595 18
556 654
14 476
351 78
849 140
457 730
808 235
205 908
394 121
8 265
66 230
928 44
252 485
925 65
399 558
317 239
982 139
671 92
317 36
876 693
49 184
196 309
167 83
740 94
68 923
254 339
409 761
110 489
385 164
641 963
734 942
730 986
98 576
148 608
611 782
321 773
672 62
622 98
15 170
544 794
249 639
956 266
750 749
338 771
536 157
272 461
581 550
159 489
152 326
722 433
183 888
133 601
237 501
596 74
745 583
394 942
339 575
380 412
347 896
732 87
12 404
418 971
44 796
933 193
33 655
936 174
713 906
416 870
850 286
71 632
342 915
101 727
235 740
763 298
596 336
805 117
550 501
386 730
39 257
796 168
696 469
164 344
209 178
259 162
471 328
781 79
509 823
104 364
964 788
975 629
188 706
294 581
252 924
799 643
577 286
985 15
47 595
599 26
984 212
508 127
461 742
694 77
571 901
712 454
435 581
766 821
500 52
856 250
966 724
910 325
676 829
301 145
8 715
462 262
459 574
872 566
762 91
574 446
572 861
43 103
561 644
422 858
803 650
684 271
871 22
776 871
209 595
1000 288
691 485
561 574
246 908
862 787
913 960
700 934
365 676
131 747
246 539
667 837
758 844
246 537
773 505
684 40
852 801
87 820
704 441
500 981
825 128
453 907
698 370
954 665
593 73
722 486
166 893
650 222
411 87
650 956
16 663
231 547
984 572
838 671
371 751
552 718
185 355
577 744
310 687
91 965
709 716
152 792
429 110
262 866
249 620
810 998
141 945
348 971
724 432
496 554
28 745
745 395
269 624
309 974
505 746
910 428
6 544
21 448
201 104
412 942
486 36
711 32
101 472
364 478
175 471
866 769
133 576
1000 69
355 990
98 969
186 674
144 458
852 276
105 796
439 137
967 933
647 641
251 601
952 639
135 909
214 262
940 436
116 702
273 658
844 432
10 780
839 195
166 317
692 301
516 789
462 10
375 748
846 747
585 366
518 262
580 832
852 754
954 228
845 940
820 930
352 183
858 219
898 469
185 866
283 426
819 785
213 154
888 253
341 705
409 743
520 741
102 642
57 674
541 17
547 161
641 219
106 178
372 879
451 43
91 355
174 307
772 298
125 120
49 956
65 601
587 392
25 725
79 465
49 966
659 55
481 688
635 822
332 895
90 798
418 469
959 524
932 620
813 105
684 797
815 555
915 155
848 651
507 40
778 89
538 46
93 100
104 363
52 984
886 273
371 305
681 155
828 655
438 260
583 418
261 662
872 449
736 317
529 478
107 967
760 396
257 440
913 39
200 486
284 128
178 299
715 143
639 213
479 421
485 614
835 827
504 376
962 295
243 874
215 229
674 212
346 329
110 186
93 273
700 711
607 846
587 552
819 48
556 194
519 922
192 160
199 651
196 681
66 408
393 775
546 599
730 14
559 701
261 444
705 387
937 810
260 142
145 103
638 139
119 418
105 195
867 944
39 389
760 303
247 108
827 174
697 159
644 462
780 304
122 531
368 50
376 356
417 535
40 959
524 946
126 97
65 264
894 44
590 763
239 789
771 229
487 463
277 896
834 934
360 711
440 423
484 484
846 28
812 900
854 198
636 114
373 153
320 191
833 375
233 890
303 764
741 415
363 157
306 460
247 442
196 183
95 325
259 524
791 697
991 445
949 303
809 541
156 398
223 152
913 683
855 466
206 762
483 115
868 775
973 687
843 867
798 484
243 744
325 657
112 442
747 439
676 220
123 614
557 483
393 588
959 771
558 767
413 904
802 50
210 670
690 753
334 509
381 183
388 370
846 82
909 8
771 150
309 93
712 637
636 410
235 203
74 209
258 328
241 91
557 423
822 47
454 474
608 43
237 548
558 740
433 31
254 791
130 313
621 413
726 353
863 973
607 930
352 921
899 601
309 297
612 840
45 767
475 416
165 484
790 139
118 355
960 101
631 924
354 188
175 951
464 787
388 791
1000 932
746 998
343 212
234 111
38 879
262 72
421 768
950 455
828 47
984 744
952 97
941 417
736 928
35 271
444 890
311 438
909 692
40 346
384 18
900 98
121 899
137 746
793 867
36 299
600 799
984 457
91 135
530 222
765 718
47 793
447 750
772 2
859 96
757 832
836 896
963 422
325 269
154 80
823 477
61 862
615 416
726 826
767 161
926 946
522 800
33 929
67 558
475 849
653 59
877 464
199 388
57 210
914 249
367 967
98 735
39 527
292 460
681 336
376 717
253 10
762 348
424 440
167 279
410 639
534 290
901 558
391 643
266 514
265 378
528 385
29 740
994 395
59 856
92 16
229 500
19 220
903 803
997 511
224 554
495 992
428 223
188 388
867 297
421 833
471 503
937 207
137 531
373 725
512 611
369 837
24 580
35 659
784 506
939 64
582 45
132 437
545 349
366 763
582 62
557 175
349 511
92 495
758 592
273 502
485 892
972 32
112 162
400 9
499 611
678 447
487 398
379 254
383 539
646 961
193 228
872 757
69 744
920 538
452 193
535 968
170 58
448 363
45 56
701 695
689 944
407 607
901 461
327 12
230 458
65 946
592 10
335 142
660 619
906 397
195 134
319 822
161 64
303 876
514 264
503 450
311 164
443 468
182 450
591 917
522 486
646 763
392 212
12 65
251 513
393 100
267 83
905 414
569 2
449 231
456 420
645 325
544 55
699 324
423 95
356 715
228 153
180 554
295 784
288 311
850 413
939 68
790 497
182 294
753 658
86 7
777 484
935 453
821 392
289 617
642 551
768 866
603 538
293 277
29 434
127 480
377 653
607 82
534 912
595 788
545 574
997 313
13 173
31 7
887 391
455 492
380 175
868 408
872 373
575 708
939 378
782 529
660 86
702 655
697 956
966 764
926 926
124 655
925 162
255 820
949 641
105 274
686 165
189 464
347 580
131 471
976 616
387 994
580 571
696 254
336 151
961 758
909 995
461 16
867 827
473 509
84 412
830 283
181 942
854 523
827 121
414 935
380 418
707 64
18 308
380 11
35 544
419 445
226 395
335 621
3 53
952 134
40 218
589 627
779 560
883 746
661 695
10 283
186 903
211 774
794 221
612 798
651 72
793 142
989 571
813 111
880 485
918 844
482 821
488 666
828 382
690 28
747 188
408 956
40 132
226 608
320 86
21 718
609 54
649 581
337 36
243 143
652 608
262 859
216 56
975 580
624 808
356 765
285 274
328 677
44 593
54 948
700 484
888 596
998 293
855 368
275 82
541 486
280 591
837 621
121 726
289 371
696 847
704 193
262 991
171 734
981 808
71 365
885 984
730 136
6 610
56 564
737 429
550 269
284 484
52 647
957 731
520 769
663 215
617 572
508 142
447 691
334 130
321 953
405 124
92 811
271 218
835 725
259 388
431 405
31 256
295 134
666 902
775 262
919 867
193 469
749 129
568 215
716 648
287 671
977 613
446 173
24 311
962 24
112 558
950 402
345 796
529 520
624 956
607 698
914 911
407 935
973 315
274 702
756 298
880 909
62 761
20 366
394 65
343 21
906 959
82 284
500 534
589 855
179 895
659 482
717 600
906 303
152 285
901 263
152 801
213 108
512 241
687 975
494 258
201 414
23 338
741 263
133 128
201 270
312 395
55 34
978 183
22 658
597 792
92 320
683 335
131 487
834 583
958 771
963 257
437 780
327 967
577 882
551 638
196 739
26 206
103 269
403 524
865 898
136 369
350 422
613 367
749 707
131 757
764 297
699 343
949 328
769 176
290 584
887 508
258 197
454 898
356 392
637 697
374 255
519 619
978 410
345 522
256 572
621 612
393 823
993 309
515 618
396 752
948 487
892 526
421 771
713 452
412 634
118 606
112 568
566 481
421 718
29 49
292 819
648 895
803 824
490 784
51 301
147 940
354 575
465 638
241 477
551 92
853 954
100 22
308 54
522 58
357 184
674 88
213 696
611 439
17 80
178 26
647 996
408 573
237 185
346 372
21 789
363 174
364 227
176 729
757 842
17 547
742 693
630 295
735 263
915 220
725 117
539 151
930 628
994 553
589 864
422 822
552 83
184 349
706 364
965 578
530 185
313 423
577 576
865 749
554 879
702 19
126 913
773 690
991 396
443 825
589 944
405 626
934 943
238 668
827 534
595 584
952 578
135 310
539 112
404 518
22 296
146 283
162 930
718 755
593 284
722 628
58 81
500 400
673 20
984 905
326 471
905 787
188 154
364 677
26 727
936 432
248 311
277 470
225 322
706 848
844 745
567 131
124 871
824 432
274 967
61 576
725 613
658 482
176 202
282 704
917 435
31 311
674 872
185 304
102 729
266 614
864 779
913 384
414 617
121 783
355 497
284 988
379 106
749 266
628 601
974 26
522 986
52 628
924 138
920 666
668 352
210 288
804 152
516 338
189 953
471 26
246 657
502 148
84 445
612 234
718 780
856 99
498 19
879 629
208 163
363 566
325 25
989 385
763 300
695 337
736 909
990 993
10 137
202 363
483 437
568 618
81 218
787 193
816 972
928 454
391 833
768 780
865 176
196 170
49 855
537 518
891 210
14 708
869 578
821 862
691 608
904 130
134 694
4 572
379 222
725 449
956 651
888 764
14 383
786 873
176 389
555 606
956 979
4 807
110 487
78 703
822 349
981 731
420 470
608 488
410 262
298 835
376 989
775 784
72 325
388 381
656 838
967 391
453 907
919 894
353 723
469 503
105 262
631 37
557 675
791 843
82 439
780 382
986 983
35 308
484 353
970 619
676 982
308 318
462 243
617 454
991 703
227 330
891 571
623 214
706 262
971 295
355 783
431 711
686 906
903 586
27 479
645 300
390 320
387 461
396 581
694 397
575 809
4 945
63 651
600 33
613 30
677 39
359 729
628 377
930 821
386 990
22 470
706 314
840 991
232 518
838 495
55 392
633 790
421 549
203 972
175 285
562 503
221 578
694 171
440 171
145 88
788 773
580 689
809 333
49 347
552 919
633 464
213 675
300 531
1 798
582 540
320 387
877 411
570 430
374 264
11 963
630 41
525 3
81 114
954 428
451 152
470 95
341 831
72 36
180 189
559 77
631 533
265 253
808 676
47 563
524 276
505 769
615 948
629 811
24 534
526 507
493 806
538 494
823 771
104 771
329 967
867 863
85 722
742 882
546 439
759 391
116 368
866 537
104 442
297 294
158 836
132 629
637 244
908 644
531 485
53 606
482 717
139 531
979 956
712 576
268 921
86 57
501 300
37 850
234 697
730 427
928 780
220 832
985 717
110 285
865 835
914 971
493 76
144 193
397 553
685 61
719 171
148 171
408 935
123 10
684 138
633 418
62 987
976 463
961 803
1000 76
688 959
922 19
235 766
724 609
372 564
63 911
281 132
834 975
494 102
150 99
489 891
598 494
887 39
765 499
269 90
772 763
348 767
748 341
176 929
311 756
172 610
365 604
707 795
745 574
134 928
620 555
28 108
152 134
312 487
667 795
767 690
306 944
290 839
728 349
632 857
158 344
379 777
65 21
841 835
22 706
858 568
545 438
865 7
150 659
705 485
615 288
430 659
856 338
33 532
510 992
70 778
955 648
86 275
461 879
468 135
59 830
216 766
372 505
842 396
365 952
624 800
191 929
146 204
506 951
252 667
231 677
716 526
458 206
844 693
300 890
273 524
393 237
883 479
416 978
110 603
186 460
258 508
196 950
407 841
503 416
131 691
835 890
257 889
872 17
997 265
834 532
457 4
170 257
834 748
975 286
941 93
676 857
90 91
17 958
49 467
182 671
545 747
47 98
588 316
675 983
913 755
472 449
372 352
586 877
101 767
455 83
680 306
808 682
465 96
498 68
599 749
448 721
759 106
383 968
906 557
941 839
682 677
57 705
774 78
77 131
981 675
928 641
495 894
947 542
143 491
839 58
281 579
565 688
683 832
846 972
283 352
636 431
657 530
652 199
605 747
80 2
428 774
89 365
290 88
935 551
778 566
530 594
589 381
994 12
163 923
632 4
892 964
455 949
37 578
819 926
909 328
264 948
904 446
176 46
783 10
230 7
616 759
448 875
550 525
170 679
103 775
235 155
305 823
6 986
996 785
804 877
106 501
820 938
102 459
997 164
500 145
817 157
645 397
308 648
665 414
482 420
810 638
709 168
624 610
379 873
246 470
728 907
711 126
631 831
378 647
157 320
776 509
116 952
18 738
399 149
889 10
622 271
975 607
381 373
356 599
89 192
982 668
422 762
318 943
116 979
411 21
778 392
776 244
536 780
533 563
586 820
653 727
356 61
169 672
742 502
689 563
524 665
884 200
636 613
181 172
893 296
733 495
355 44
115 911
940 281
473 379
547 738
207 824
640 647
334 908
544 575
720 933
154 751
943 761
154 685
573 228
108 124
426 231
381 817
79 173
789 935
103 7
252 707
368 46
337 243
907 796
366 648
360 760
332 847
620 158
278 833
987 507
730 620
791 327
800 993
878 497
442 359
931 849
953 718
948 305
103 226
727 379
803 239
369 211
94 636
979 951
863 773
984 922
894 86
535 567
543 88
765 878
12 79
604 660
824 921
169 435
60 274
212 492
569 230
219 545
191 658
709 291
550 816
915 230
518 979
973 732
405 346
653 755
907 41
430 915
542 686
718 538
225 574
598 665
339 922
734 960
589 118
679 535
588 960
320 625
902 365
452 204
833 17
329 843
985 822
543 201
37 826
156 236
851 611
493 102
475 177
903 698
950 429
917 73
455 350
238 133
847 263
520 498
871 112
652 592
256 430
753 44
747 138
154 44
592 469
87 34
810 943
378 801
973 143
8 270
462 941
442 759
262 941
475 435
752 589
790 587
681 325
4 430
926 842
435 628
660 711
612 279
78 275
945 680
612 554
230 924
398 961
216 676
5 58
581 16
316 552
397 984
531 150
206 659
284 347
389 212
584 186
428 786
747 689
839 955
635 64
667 813
256 109
342 416
526 927
186 418
134 814
821 271
985 269
708 518
276 284
488 324
575 491
984 770
847 373
285 952
590 556
33 225
996 20
101 45
487 869
28 509
574 738
77 129
24 685
149 960
984 248
369 389
342 744
585 229
777 160
288 389
332 211
956 924
434 361
693 343
825 828
25 519
286 518
128 316
156 650
280 867
950 910
507 973
699 422
332 624
173 70
261 480
993 891
868 992
413 251
800 803
109 580
42 983
191 274
974 82
836 203
177 937
762 156
79 689
958 324
221 660
754 610
972 819
487 791
216 595
87 472
130 754
761 175
608 850
192 542
923 363
636 84
267 595
249 268
205 862
884 201
532 888
524 670
19 971
244 782
660 382
491 73
697 898
2 712
658 876
472 616
657 355
133 98
638 557
587 840
308 13
154 6
285 306
475 541
777 46
256 24
196 394
17 350
704 294
503 555
100 49
962 910
349 41
166 980
578 455
477 26
834 1
532 908
47 990
973 803
720 835
977 824
767 577
453 759
714 895
104 242
302 597
175 542
414 466
61 163
859 610
82 810
496 353
52 633
530 182
711 261
22 394
377 795
146 256
99 33
325 899
175 664
317 746
92 720
783 316
278 529
178 267
460 193
255 946
1 707
414 295
687 128
880 633
421 885
88 373
4 118
895 874
599 569
715 487
724 893
318 782
587 345
820 605
630 699
150 301
283 134
62 619
956 506
766 71
353 862
153 265
164 330
832 517
144 853
214 137
898 739
606 81
548 316
911 155
932 62
569 904
787 855
121 9
926 486
960 837
477 307
49 691
282 703
883 702
433 52
358 945
767 485
192 74
840 751
644 628
643 655
113 271
356 747
754 513
336 862
79 728
347 843
269 894
539 881
976 743
160 178
200 842
449 924
316 464
579 391
253 866
988 155
350 673
610 860
963 354
502 232
704 563
631 750
899 487
733 760
158 749
964 675
659 745
887 514
620 403
480 640
776 474
879 248
669 567
735 811
924 590
263 297
965 238
157 955
326 271
522 267
900 420
303 718
659 961
206 804
761 350
367 151
59 875
113 484
749 688
993 939
690 732
238 265
942 21
869 455
152 65
950 156
318 524
756 997
641 836
625 175
912 382
942 93
599 420
902 313
15 943
834 562
298 446
860 399
660 366
85 798
961 666
789 318
88 849
811 209
618 173
78 463
86 323
31 191
135 314
539 858
185 703
834 597
268 626
348 464
559 94
428 634
467 888
573 969
23 30
915 555
902 581
890 98
729 986
691 393
166 309
666 560
288 680
623 763
900 206
781 520
696 937
88 714
427 225
231 378
813 715
119 726
102 280
550 686
53 690
174 459
820 23
218 744
340 50
851 11
853 560
145 125
818 659
107 478
232 218
636 107
287 753
615 501
225 792
299 880
648 670
501 208
524 998
854 674
519 554
185 779
721 309
833 550
975 554
972 971
622 484
525 15
375 402
958 581
233 958
862 616
627 999
470 313
55 684
340 491
892 337
609 369
132 638
387 112
229 787
696 839
469 168
222 400
525 504
768 831
150 971
707 46
887 705
355 752
5 254
716 334
145 674
26 350
754 439
500 182
195 381
549 901
304 409
892 118
289 693
266 203
48 349
667 281
370 623
869 974
221 350
703 430
112 917
536 67
433 347
834 240
806 999
374 523
428 153
267 999
63 457
871 716
422 654
610 408
469 172
9 108
323 547
997 235
588 542
356 56
438 226
80 300
667 906
107 345
502 573
205 316
77 731
11 586
456 757
719 681
307 327
779 461
264 373
961 86
186 393
953 837
787 279
686 307
915 684
451 328
249 639
836 623
226 402
943 467
64 137
404 204
849 58
478 714
355 895
943 264
399 447
881 132
649 508
879 314
221 111
684 89
513 225
510 157
67 797
638 861
342 644
661 547
637 499
35 887
715 661
124 550
755 877
116 463
7 166
711 681
215 1
707 311
273 659
767 907
167 358
270 835
51 964
315 780
58 524
235 255
521 395
242 800
231 89
631 534
874 827
195 702
518 273
971 464
154 239
557 246
664 761
425 571
597 549
182 204
763 146
80 958
390 29
476 501
828 148
220 576
326 12
737 783
92 609
173 582
173 740
930 684
700 751
163 120
241 365
111 251
488 243
533 751
970 991
198 549
647 491
14 322
264 387
100 266
303 166
745 914
827 857
315 972
283 757
125 199
783 390
214 737
525 84
525 1000
580 811
558 443
901 22
304 592
836 198
172 232
816 596
150 889
733 523
303 185
134 492
650 596
374 449
641 899
917 935
382 944
685 571
56 538
844 663
583 683
640 59
499 479
395 765
846 841
745 674
105 144
617 760
796 294
746 627
634 217
135 451
215 693
977 803
29 712
612 574
45 373
948 437
944 922
667 481
512 495
728 4
641 61
408 374
127 369
279 859
563 905
207 889
244 148
199 473
702 591
943 77
505 33
236 439
546 167
527 440
696 601
217 577
334 557
637 363
841 606
502 537
913 934
477 807
48 353
834 894
55 242
860 439
990 37
816 370
798 372
828 972
505 614
992 937
399 38
335 541
67 270
426 811
143 4
666 124
357 517
26 878
739 195
953 701
482 664
266 103
94 622
249 173
254 720
432 681
11 972
603 980
132 29
590 222
380 581
803 478
551 814
467 994
86 771
154 799
412 993
139 635
965 555
669 714
506 9
280 81
185 524
73 456
800 496
192 719
705 359
182 922
633 382
372 122
694 585
646 851
486 616
236 494
829 623
38 589
293 560
241 667
465 572
936 863
965 747
337 669
323 811
346 692
467 722
517 621
268 3
534 730
538 949
870 468
75 116
251 548
898 342
652 102
637 548
605 327
803 527
901 514
258 588
615 365
705 99
803 837
909 108
295 299
761 964
948 712
480 446
701 711
478 150
306 9
882 442
611 292
182 426
167 167
753 750
685 989
202 72
144 196
49 960
303 248
300 509
381 877
404 583
107 990
949 758
359 89
982 221
622 933
885 201
610 65
148 885
537 374
216 691
991 860
569 195
746 683
914 158
243 390
210 983
293 704
884 957
572 261
813 592
309 800
444 539
350 2
951 901
517 27
891 751
765 22
548 348
933 501
486 263
479 525
621 530
856 44
639 182
934 38
523 937
922 246
804 494
924 890
291 799
84 993
160 821
573 466
703 245
72 647
409 237
960 498
230 538
36 278
299 917
621 169
762 920
190 34
483 251
85 102
210 149
139 877
168 886
635 20
104 873
755 557
677 101
933 561
537 578
342 189
760 881
268 901
454 247
938 32
950 317
726 381
876 513
358 245
387 127
204 922
636 561
177 818
627 164
607 828
774 106
88 31
884 450
934 271
105 64
917 999
722 646
975 514
5 222
868 744
577 875
187 929
879 930
944 98
401 531
703 785
473 563
392 952
290 919
983 924
447 147
715 807
844 724
190 917
627 597
298 460
514 247
103 482
334 447
556 703
602 5
960 822
66 377
212 41
278 874
118 183
773 380
136 107
396 187
844 800
202 821
604 44
190 786
867 122
778 268
991 178
797 964
617 185
633 860
231 178
744 714
640 815
7 435
474 993
360 651
383 89
583 541
945 575
968 776
727 789
123 319
400 771
277 536
988 620
822 487
751 496
199 724
399 299
240 863
412 536
24 77
203 663
881 738
535 564
482 351
910 320
593 9
466 956
508 477
358 320
167 695
895 478
687 289
658 418
740 756
962 760
65 584
152 701
680 488
514 546
772 396
596 313
354 727
299 586
668 789
165 481
894 792
625 342
691 499
617 373
439 874
327 925
429 592
247 681
112 387
524 199
861 720
8 495
310 997
389 486
803 156
964 188
210 88
706 580
476 818
866 107
157 393
768 668
132 714
248 233
456 644
154 464
993 342
719 815
770 338
14 540
187 903
152 406
807 499
331 318
845 134
5 522
576 650
960 244
369 871
151 581
936 731
854 634
990 30
706 403
316 130
682 497
384 331
247 650
355 555
956 698
406 611
495 644
935 533
387 602
177 135
578 52
880 945
61 867
753 764
881 746
665 292
69 972
88 613
38 21
39 832
88 419
592 80
120 933
499 613
232 471
830 414
63 712
788 795
552 283
635 852
226 595
232 6
517 599
824 529
589 10
106 527
210 559
808 296
542 948
231 556
152 634
945 136
640 318
879 186
450 130
740 889
923 526
36 717
642 64
685 282
238 613
942 124
206 500
756 439
520 407
906 968
919 555
995 429
128 918
282 205
568 187
589 623
553 667
58 549
106 611
279 470
641 460
508 976
514 894
646 346
73 766
939 972
93 302
801 25
687 956
63 970
850 783
985 401
77 429
603 470
714 259
51 651
178 363
631 540
963 38
848 961
151 249
229 714
436 285
137 288
505 420
995 717
567 316
219 131
974 557
929 161
464 812
254 630
823 722
650 1000
274 462
367 510
786 972
138 570
580 318
695 336
432 446
723 726
326 177
479 558
218 679
23 114
840 679
64 592
246 613
112 442
794 206
33 445
851 969
184 913
876 293
65 88
985 13
823 593
511 530
501 5
522 639
500 473
235 279
945 947
711 646
875 811
379 970
884 786
547 978
370 621
488 841
492 930
465 20
650 121
149 801
660 56
758 83
64 684
298 896
249 416
77 488
687 509
788 1000
589 897
75 310
59 739
411 646
555 387
139 868
745 560
967 621
719 49
373 643
842 790
556 627
715 437
677 871
955 454
435 847
971 773
826 442
973 806
602 614
977 988
459 485
151 458
50 823
132 99
536 218
295 174
853 184
650 962
713 659
322 811
424 735
74 817
272 433
601 870
897 952
72 197
812 173
188 429
74 397
550 942
196 729
667 693
766 132
311 681
694 387
338 613
70 216
828 443
465 750
13 886
813 599
535 787
869 33
743 793
517 430
395 983
958 318
140 500
93 34
385 205
623 653
207 810
117 800
133 739
498 867
514 674
509 274
122 962
711 830
591 439
184 142
17 493
556 755
798 837
692 30
101 307
305 394
390 997
193 819
684 519
930 314
610 484
711 50
162 484
302 392
48 60
408 442
626 847
434 348
644 473
162 503
988 808
873 914
573 739
350 653
53 711
127 642
632 149
789 735
953 461
548 147
67 782
351 540
937 709
72 141
335 510
186 601
452 582
525 159
678 208
185 381
646 993
975 863
259 602
364 571
984 150
709 509
463 385
317 557
836 230
788 18
667 422
566 222
719 372
996 278
310 525
507 874
892 160
996 494
871 108
214 685
311 160
465 483
44 413
431 628
175 280
905 949
817 109
293 436
393 644
93 785
16 436
5 172
724 114
128 540
399 91
776 929
797 184
312 418
989 105
389 856
558 292
652 233
393 583
733 159
999 574
618 703
982 331
725 21
491 295
881 141
470 609
600 654
168 783
204 880
804 827
194 629
112 187
245 406
234 363
441 846
123 478
776 583
948 418
605 644
651 235
106 466
610 302
564 855
442 348
466 398
35 708
895 191
313 397
140 161
144 396
78 195
306 174
56 34
981 350
320 261
682 569
444 156
431 265
496 469
355 904
486 297
766 325
413 80
714 365
941 104
88 512
34 906
501 636
999 813
16 818
70 217
273 760
444 681
108 556
350 62
292 519
120 473
781 644
435 124
280 787
776 595
347 389
918 954
957 288
816 817
208 630
741 824
569 354
173 543
727 827
373 739
563 276
880 377
512 220
792 110
81 878
115 689
457 579
960 139
146 623
786 435
930 757
308 510
532 495
679 879
493 704
414 827
19 411
845 162
50 676
313 822
88 623
9 406
586 263
931 24
43 766
202 532
54 750
33 305
475 810
765 10
358 957
990 562
920 669
354 655
336 459
1000 770
224 992
887 168
511 726
879 374
699 104
727 125
965 709
468 19
525 598
385 644
442 113
127 520
864 80
543 690
882 422
441 592
434 462
92 16
788 829
150 890
281 497
261 262
8 610
634 634
715 671
798 306
39 668
956 99
27 257
263 974
363 183
133 950
975 558
512 649
288 730
56 707
474 494
741 537
634 454
628 8
588 815
304 456
133 967
120 75
917 500
324 865
778 818
58 970
117 653
500 158
392 703
424 651
842 335
498 565
239 673
868 982
584 523
234 330
479 308
251 601
236 831
741 900
868 136
614 767
918 198
481 911
307 821
798 407
311 609
798 607
360 685
397 13
285 718
352 849
307 428
40 50
369 875
123 654
20 78
540 29
649 808
348 647
94 961
595 709
676 732
35 903
215 251
467 72
462 515
462 286
519 478
978 561
389 591
824 416
550 801
771 206
370 532
646 626
189 727
149 327
343 605
240 103
808 65
45 855
356 661
30 658
262 118
295 950
1000 235
650 758
747 711
762 534
758 947
643 125
567 638
961 289
2 337
634 712
995 437
148 585
495 750
120 471
95 878
477 959
890 892
524 363
933 361
373 650
27 833
889 788
695 588
527 146
964 156
684 395
10 840
604 765
662 179
196 285
240 711
780 47
354 651
219 140
863 385
283 666
253 172
364 549
668 554
912 448
865 706
854 504
167 552
85 18
177 860
536 955
514 445
721 374
894 163
195 641
374 134
205 563
886 384
581 271
192 101
570 890
218 83
346 261
274 37
306 471
639 48
30 686
214 196
629 130
225 447
254 344
10 941
836 45
292 482
382 26
80 139
382 655
943 43
87 302
297 928
719 238
948 30
678 603
684 301
488 99
887 17
350 253
983 956
783 54
608 123
339 892
828 218
620 274
45 524
391 114
165 657
656 842
720 468
177 510
984 913
582 646
885 28
396 352
206 655
130 267
131 749
437 685
386 637
76 317
512 406
636 188
346 833
605 661
188 329
450 912
411 183
193 488
16 37
858 996
514 490
372 407
821 699
891 270
441 497
835 663
689 784
656 177
86 535
649 836
257 886
487 965
651 595
848 465
535 398
160 884
872 755
687 865
122 478
196 793
473 876
655 994
171 889
286 504
861 937
564 109
653 982
365 289
36 586
196 571
169 81
15 492
505 36
528 111
524 27
533 704
84 652
251 45
833 184
466 245
799 355
823 237
728 401
996 867
839 980
259 12
770 527
515 301
191 135
715 326
604 278
789 938
865 973
706 774
630 3
613 157
415 758
74 526
926 621
369 414
920 8
69 265
318 143
290 622
922 617
625 913
625 547
741 827
746 834
415 291
406 19
582 109
831 352
28 479
812 863
588 534
726 11
829 20
227 744
968 703
798 587
286 496
727 19
959 929
285 498
873 103
339 907
926 221
716 292
678 896
445 108
518 691
321 748
27 909
821 100
971 989
833 436
693 49
885 413
741 877
937 871
329 929
951 466
765 796
203 815
915 120
125 715
199 461
574 437
237 666
688 773
745 660
369 620
45 283
92 853
146 746
913 913
381 651
901 207
823 929
43 231
360 836
611 541
53 126
781 180
769 804
180 305
668 270
554 4
449 398
95 608
547 734
258 560
129 701
727 973
352 571
165 649
584 336
137 532
903 550
783 709
557 903
461 496
289 907
947 607
411 637
592 727
396 566
527 694
896 267
472 430
611 939
916 277
352 313
397 966
360 73
814 542
843 850
643 485
230 981
450 471
853 513
798 261
666 615
53 168
71 153
289 974
402 813
565 520
547 285
70 994
379 467
197 404
129 737
622 17
103 222
479 122
25 887
93 194
892 112
73 79
238 200
182 586
950 491
273 566
163 516
961 150
600 66
441 362
383 189
288 354
43 954
46 795
375 948
49 669
600 883
472 127
90 403
230 570
646 70
499 154
430 807
555 568
228 856
56 881
879 947
684 58
825 862
899 113
744 989
448 696
89 480
248 285
782 925
958 391
42 942
522 642
365 809
633 336
156 438
178 404
269 784
175 799
293 573
67 169
623 195
230 546
579 340
993 106
71 264
538 950
900 215
880 704
781 974
585 74
398 606
401 696
976 225
268 65
59 271
70 998
79 808
766 524
405 360
626 769
693 428
863 121
190 919
616 506
321 751
345 440
282 189
906 387
40 400
48 785
432 582
455 466
476 643
239 471
660 226
251 283
172 484
307 569
197 56
838 18
749 397
282 243
441 149
687 134
111 303
682 984
842 814
529 449
323 356
332 51
483 286
548 352
344 440
661 787
52 398
186 167
987 86
154 463
655 476
638 624
150 301
430 688
696 178
887 153
861 170
820 53
330 664
451 456
996 841
156 957
959 995
409 438
947 1000
258 451
275 67
132 494
11 909
905 410
613 99
398 618
758 130
957 384
384 881
660 840
667 549
606 220
307 807
170 675
390 643
674 557
880 985
809 862
462 764
730 29
245 625
185 659
95 525
928 403
599 858
982 315
622 909
71 859
877 883
635 865
139 343
126 742
892 280
756 929
431 479
82 679
7 122
683 302
814 463
870 385
379 653
834 972
574 941
105 350
770 23
584 947
818 539
902 644
261 601
379 523
818 464
915 438
988 534
147 153
184 651
98 119
202 122
109 775
604 280
360 647
840 716
312 694
269 793
822 875
156 681
111 769
934 80
437 581
79 584
534 825
894 612
303 433
963 759
964 823
496 110
204 571
691 173
890 568
296 760
748 637
289 34
324 488
394 604
850 239
880 314
23 520
817 45
759 591
506 763
173 719
898 439
17 173
731 997
131 540
267 883
860 402
301 590
649 872
660 841
592 36
984 229
186 200
187 570
426 330
782 557
85 134
381 491
336 485
17 270
429 762
891 193
927 874
173 415
19 763
110 20
548 371
684 432
67 783
603 497
138 164
982 181
459 874
445 215
468 615
193 507
947 760
160 797
577 922
571 152
624 576
271 61
88 204
156 672
733 603
406 352
155 818
721 754
84 303
850 152
579 960
310 21
237 7
206 334
42 707
26 452
890 612
645 409
963 111
411 229
839 807
332 366
895 746
222 223
667 737
514 7
449 260
133 966
879 332
262 764
405 196
502 214
270 445
913 709
991 380
918 267
733 474
335 204
186 594
101 265
908 511
720 42
780 506
75 118
972 124
530 700
278 139
600 487
868 732
838 967
27 432
468 432
482 681
380 426
445 847
410 73
270 893
461 377
716 265
476 155
405 624
920 92
724 570
421 405
964 267
637 467
466 280
54 166
871 645
485 227
179 210
43 661
86 551
490 485
656 604
755 372
405 38
479 523
135 280
249 685
917 745
349 302
344 35
867 665
326 439
625 583
727 61
517 144
156 951
910 198
948 212
594 655
819 554
476 404
205 617
183 659
904 291
706 795
854 958
913 675
666 656
983 838
890 351
330 915
85 237
489 597
674 959
892 807
63 520
720 285
118 77
698 817
503 489
205 578
690 661
810 402
245 809
97 833
388 62
348 435
291 441
141 506
682 273
930 983
273 547
910 302
407 702
987 291
14 857
247 912
875 356
533 695
736 929
882 449
523 356
953 670
390 812
279 697
895 218
93 672
343 346
478 112
416 295
333 894
187 172
474 158
469 730
896 993
894 986
584 817
40 284
222 580
277 257
8 475
826 490
872 177
367 352
185 55
656 438
285 166
853 965
212 800
818 475
552 357
629 656
737 12
694 32
219 478
629 121
946 512
864 994
284 473
549 668
237 83
833 171
482 457
232 672
928 802
488 189
433 558
762 853
668 639
150 231
738 174
630 156
6 893
38 422
383 235
855 800
922 568
706 651
147 933
990 206
925 877
464 312
844 790
254 85
348 546
272 133
270 37
401 77
872 643
284 764
46 928
325 590
605 945
608 458
165 3
482 414
312 247
402 979
855 682
228 173
256 454
970 843
234 69
906 121
456 133
289 941
492 579
173 768
9 763
593 243
5 803
794 749
38 770
673 608
258 384
241 875
666 843
271 334
3 690
457 182
608 335
174 277
386 171
8 930
157 728
462 734
763 95
354 189
314 385
76 822
836 785
19 525
756 270
238 44
299 125
472 916
336 784
718 914
815 197
92 813
185 139
196 557
474 77
490 645
921 381
990 944
420 703
412 280
441 818
369 201
977 133
458 727
106 121
753 814
780 742
81 805
698 476
987 409
52 487
241 383
782 326
382 530
539 870
301 939
503 898
543 441
998 153
947 640
656 488
208 445
834 896
137 723
485 371
405 90
991 866
717 68
327 569
30 888
419 39
417 149
598 682
688 868
598 694
906 247
663 483
418 483
729 200
284 891
144 931
158 338
610 811
715 862
406 425
357 894
905 700
187 213
136 741
351 440
153 381
257 844
819 1000
717 46
221 444
76 521
261 155
184 540
363 82
445 609
602 386
108 885
489 626
533 632
794 372
713 770
732 758
579 49
826 736
743 53
428 288
737 608
452 116
669 723
398 894
926 922
977 979
422 842
721 154
409 775
428 108
437 156
732 707
900 149
288 835
153 239
718 286
555 582
535 732
935 171
908 239
810 305
194 746
70 348
995 649
340 967
495 989
480 145
42 855
397 860
432 996
166 176
319 19
75 86
448 788
79 343
44 778
293 927
488 890
171 236
630 502
121 648
924 727
39 357
636 23
352 35
80 694
799 581
309 468
883 407
950 936
163 213
758 675
275 259
160 118
346 775
803 784
305 302
56 309
1000 959
313 662
804 610
700 151
447 435
416 815
133 318
352 213
862 620
353 854
628 780
650 391
224 109
392 746
270 40
923 73
856 100
772 940
17 782
774 48
518 463
811 606
708 701
566 196
164 380
929 515
816 470
63 995
98 826
82 20
811 708
356 557
327 453
709 867
111 466
421 999
853 955
783 227
473 538
4 485
789 432
100 257
865 864
689 839
369 518
352 639
146 23
235 810
992 942
909 865
689 57
900 186
602 593
493 912
368 478
559 590
609 289
485 986
645 910
493 304
639 197
731 240
22 911
642 199
866 322
501 981
239 522
913 210
252 289
833 128
100 710
838 650
708 951
329 907
407 297
93 23
126 544
292 534
873 13
209 546
118 911
165 480
171 190
346 538
397 237
214 636
857 978
654 747
183 312
965 204
571 494
633 290
303 196
324 847
321 125
834 274
754 737
453 784
30 359
703 379
85 613
431 940
913 233
853 385
781 120
529 891
510 884
450 533
470 590
480 404
139 18
113 354
22 441
370 130
916 295
966 697
70 553
923 163
992 55
102 68
156 197
886 350
364 814
102 284
313 929
464 946
23 682
752 586
566 476
651 868
150 6
936 691
837 552
399 624
238 183
820 917
86 335
147 847
172 454
365 350
461 710
128 605
366 607
848 589
589 319
10 212
507 24
468 869
995 136
859 148
395 666
573 444
378 878
217 584
811 69
583 720
629 243
715 408
111 42
93 677
360 892
770 690
123 795
161 613
680 943
433 759
398 493
609 308
232 923
153 559
412 879
447 940
235 276
773 645
463 712
231 738
705 661
651 452
329 550
787 819
521 874
915 111
899 714
528 698
437 754
514 69
782 833
524 248
202 228
913 225
544 601
84 620
431 343
896 675
745 895
769 891
934 348
911 707
749 986
445 768
787 110
63 308
370 809
593 869
347 169
116 263
691 636
337 360
737 639
332 306
71 840
208 658
775 900
413 435
6 514
846 477
767 838
801 596
950 486
519 754
527 784
152 217
569 73
330 172
74 377
657 16
749 180
293 140
809 103
670 715
872 925
911 701
74 242
682 429
191 155
275 82
457 968
683 386
347 300
347 984
227 542
679 538
984 953
796 520
270 618
915 225
307 62
957 385
867 75
789 9
90 175
827 198
462 344
982 267
431 603
557 696
732 292
146 661
770 29
679 517
24 206
305 428
609 373
665 776
968 25
520 562
842 893
830 706
955 600
601 206
827 632
159 590
993 635
912 901
960 253
504 290
116 624
672 317
393 53
540 347
803 59
899 102
102 561
482 853
76 871
655 26
951 51
392 938
569 922
139 820
492 145
102 422
758 958
912 192
834 659
299 916
84 286
578 867
830 236
974 515
642 337
103 868
459 623
260 210
720 392
542 301
178 411
948 249
490 966
987 948
890 701
578 711
448 36
553 235
352 656
556 356
571 731
161 312
366 19
233 226
528 974
286 673
9 889
592 625
843 379
44 482
859 492
601 263
181 696
244 878
46 42
991 692
729 447
607 421
193 707
372 230
597 179
798 847
874 710
479 65
75 834
369 109
726 898
118 64
111 901
838 526
920 46
469 459
30 423
947 483
677 721
219 607
240 82
236 366
500 876
467 232
154 331
57 896
906 458
28 249
906 434
291 78
854 888
619 904
543 513
657 135
132 772
654 636
973 406
355 407
612 609
210 949
396 80
983 566
494 632
295 826
158 603
36 663
235 345
165 471
16 13
253 770
236 977
500 442
931 107
227 811
574 752
280 451
193 852
432 387
255 962
204 616
311 177
794 155
114 879
776 683
23 698
729 404
622 517
88 470
771 244
67 637
585 287
858 35
379 872
890 668
958 713
162 833
520 585
153 294
266 9
272 884
710 570
420 302
34 443
836 435
907 113
845 103
747 68
151 901
892 918
458 838
463 985
145 602
465 384
637 14
708 408
280 339
446 354
615 152
966 749
673 968
429 418
396 964
155 997
144 784
403 47
339 97
782 344
245 933
390 410
17 173
69 305
820 70
249 640
143 40
484 983
370 191
213 116
964 604
985 243
108 59
123 675
892 851
604 5
560 779
108 870
8 834
297 638
759 7
814 396
892 809
160 714
75 879
436 16
399 1000
41 206
682 533
403 997
114 629
469 234
93 223
871 984
721 382
566 81
70 157
608 640
643 207
475 312
832 527
68 177
883 149
735 649
927 904
720 718
744 139
350 962
171 179
289 924
25 272
705 987
239 748
3 244
410 614
538 450
590 388
755 620
174 8
449 42
329 654
235 773
163 824
393 97
655 759
565 866
815 415
363 591
343 878
290 128
746 269
461 679
86 929
805 857
444 939
832 893
427 980
783 388
382 675
398 919
624 610
726 730
485 2
241 433
722 584
316 123
333 767
134 885
846 128
395 17
183 338
300 913
505 854
330 888
479 736
9 834
183 111
623 444
704 96
892 497
504 73
355 82
559 793
529 605
308 455
800 287
813 717
790 279
161 690
37 895
359 336
469 821
196 334
697 757
701 145
189 800
321 745
751 665
287 569
952 77
442 648
92 939
172 629
627 512
446 492
160 2
217 318
469 68
750 147
494 997
933 426
954 422
686 963
272 624
652 897
601 596
533 944
720 559
338 668
812 180
339 175
242 160
302 401
517 203
160 326
588 465
218 627
636 564
238 905
674 574
637 68
521 96
437 554
658 843
170 510
497 828
885 16
410 836
825 30
732 153
561 5
123 449
319 292
831 852
203 464
581 116
572 77
675 79
894 184
950 82
886 966
970 545
364 189
38 316
897 154
449 647
449 821
116 858
713 348
215 565
339 663
699 960
711 475
724 739
977 48
422 501
754 26
477 472
386 970
674 777
646 92
282 401
608 537
826 526
658 191
27 795
369 403
630 397
88 58
450 487
40 63
276 474
195 296
252 230
293 579
137 920
184 142
686 714
907 457
362 646
950 822
763 497
101 234
183 968
437 673
835 715
957 701
92 871
623 857
259 221
906 279
481 181
921 187
808 853
28 188
528 343
537 973
891 241
529 367
32 337
850 235
473 498
35 450
408 770
982 251
524 549
218 476
78 903
862 917
118 914
158 427
170 998
777 523
542 59
846 664
102 108
290 994
342 722
483 587
932 749
948 151
274 309
443 851
742 666
21 302
557 104
829 970
829 307
455 105
315 420
570 421
273 352
258 522
641 431
750 781
850 151
949 624
384 131
395 782
765 476
482 695
760 815
400 147
477 675
619 737
334 880
373 793
961 575
186 947
285 647
253 143
387 313
876 465
489 350
556 722
817 734
204 85
461 371
914 670
939 311
186 437
89 136
808 32
810 952
115 273
973 707
658 808
37 320
949 49
253 623
123 969
417 80
986 372
836 831
240 991
379 787
63 277
290 612
895 252
969 928
484 53
843 98
260 291
784 925
758 529
97 323
800 834
67 601
319 647
218 159
571 732
936 682
314 471
157 772
155 953
830 223
246 470
777 278
963 963
795 343
890 98
763 543
284 95
159 171
391 433
473 952
893 768
418 504
172 155
527 936
82 275
403 428
383 310
532 541
406 670
700 715
353 131
144 572
248 381
889 313
726 866
994 762
521 572
595 960
95 423
341 227
974 463
699 375
959 656
293 123
96 548
764 287
968 335
311 136
376 339
528 418
230 778
289 639
810 906
709 7
964 31
68 20
877 650
621 727
550 164
367 74
362 789
146 411
233 903
140 840
765 212
48 919
212 808
520 126
297 388
549 517
572 95
511 647
816 22
291 416
824 786
740 224
669 502
19 403
859 661
246 943
814 486
407 692
113 27
499 449
273 720
621 970
423 285
553 611
477 114
79 61
946 922
213 760
648 478
705 193
743 588
284 915
356 948
511 771
561 799
669 42
964 96
589 378
742 309
139 161
962 121
785 7
199 502
400 372
502 524
65 294
211 596
471 580
87 511
344 947
309 21
103 206
397 603
319 301
705 127
360 742
502 473
333 986
482 287
336 401
979 955
204 387
973 885
249 814
224 607
348 927
388 572
993 422
952 769
223 502
54 383
799 4
388 929
300 255
268 766
152 966
483 235
838 274
390 102
853 964
283 8
866 559
868 24
209 635
160 704
443 87
831 710
408 320
563 602
977 966
75 353
781 393
240 946
640 793
39 982
93 283
624 732
201 99
884 385
539 575
115 725
512 721
880 819
766 134
331 649
657 835
732 216
618 812
254 662
718 586
807 407
230 743
261 338
709 507
502 587
682 557
904 724
882 398
824 385
942 415
495 112
949 495
341 720
532 289
334 326
710 968
918 938
435 250
450 857
863 702
794 960
378 680
114 673
72 895
4 934
744 391
649 862
248 206
920 7
527 811
177 914
680 485
907 728
725 448
443 38
674 747
197 39
985 768
590 864
532 807
327 92
861 880
474 444
961 410
701 580
105 64
811 425
393 584
317 845
619 973
641 528
507 460
231 768
742 194
75 992
494 271
779 450
839 833
851 659
833 465
176 688
169 474
596 558
298 554
759 818
122 21
207 351
250 309
350 111
263 547
242 834
679 578
109 265
69 451
767 457
515 265
148 120
438 807
688 361
547 575
617 563
774 773
594 503
111 802
637 19
259 991
165 903
353 859
816 501
506 535
95 5
523 946
572 973
985 135
689 265
713 553
514 335
532 632
387 948
140 485
603 997
338 239
947 411
402 596
270 858
887 337
175 562
742 423
541 244
156 940
900 673
962 338
324 832
637 226
845 857
116 96
397 834
984 642
274 712
281 462
476 426
677 384
988 6
286 755
821 181
223 543
609 678
291 353
906 732
926 838
358 987
376 840
895 315
866 983
848 281
306 414
49 608
140 266
97 618
105 954
955 575
263 108
185 801
620 400
527 669
88 731
754 288
716 721
315 767
750 374
730 664
608 644
776 343
340 781
478 874
685 953
732 820
607 522
766 982
469 6
201 816
842 945
27 841
957 631
853 49
137 658
538 609
537 749
786 929
518 44
875 141
708 862
876 780
756 682
405 489
70 842
76 616
823 421
785 451
331 990
830 331
783 708
485 938
116 337
183 845
33 71
996 512
47 990
115 735
87 861
615 241
672 888
831 574
389 758
987 515
944 368
242 559
16 562
624 950
83 240
49 33
204 822
923 230
909 912
542 769
580 860
171 322
444 81
646 684
874 937
742 765
209 250
67 640
139 782
112 417
348 145
507 58
232 554
617 856
273 189
998 193
572 257
193 34
408 981
426 821
623 916
115 128
434 126
98 169
579 510
912 439
797 899
301 737
128 365
267 914
590 454
733 311
500 204
809 63
42 788
876 400
946 141
498 7
333 521
769 714
314 2
420 363
817 713
821 161
90 320
508 106
424 62
382 440
426 53
722 355
618 479
518 570
318 988
69 392
969 143
767 469
981 509
475 644
643 677
602 89
754 401
824 300
909 987
737 37
118 699
492 6
417 642
920 487
284 754
912 347
647 297
573 135
204 508
902 275
129 1
521 507
576 203
595 693
746 578
541 945
855 716
405 992
125 451
833 577
658 922
495 346
603 764
835 787
476 253
426 840
53 125
544 856
248 886
818 643
809 432
48 742
315 481
790 628
666 281
564 818
219 541
102 402
852 158
332 319
221 392
925 121
219 914
855 660
124 920
680 297
563 817
848 198
109 716
678 869
486 581
510 495
456 576
101 183
880 778
424 120
54 424
597 253
106 352
573 893
526 248
55 664
490 997
784 449
39 765
539 276
680 477
259 967
855 119
85 259
616 242
906 591
138 335
545 721
512 325
542 788
105 610
561 659
339 490
979 301
62 355
717 18
820 536
753 539
889 996
273 934
937 36
565 161
161 779
630 55
13 344
76 147
517 570
925 524
674 903
338 277
413 988
108 337
4 333
728 637
681 561
819 648
172 217
672 687
992 678
61 823
781 675
607 731
692 362
151 56
542 770
712 47
112 906
809 535
208 823
469 583
104 435
587 893
572 887
999 325
125 786
994 179
58 992
76 802
734 863
132 611
788 754
735 111
361 494
415 524
327 645
215 365
325 205
130 66
653 91
296 588
713 493
768 540
750 695
722 182
30 632
552 487
648 73
179 671
8 610
324 14
561 406
938 722
798 858
990 328
64 36
705 279
334 501
469 516
30 600
436 353
471 928
701 763
733 458
699 245
546 736
293 391
51 288
862 854
356 664
801 632
523 792
402 578
835 407
680 544
815 788
739 917
317 833
905 379
423 707
276 298
970 919
310 949
717 32
375 898
33 160
638 316
501 755
221 335
728 32
410 468
724 275
470 957
773 854
475 968
23 883
202 693
432 516
204 310
85 343
821 274
853 266
39 876
380 407
346 565
654 465
805 590
622 698
685 135
172 429
275 811
379 737
921 644
664 123
885 891
768 448
471 546
189 272
487 696
895 258
538 128
997 337
199 605
956 973
80 626
29 932
621 358
93 337
739 949
746 277
235 591
928 550
283 450
719 1
665 851
747 133
655 162
191 140
242 458
462 359
900 539
884 737
765 591
257 431
571 442
345 514
932 970
745 983
845 360
637 646
332 86
705 8
287 688
503 532
571 20
984 657
669 362
763 357
758 853
712 799
582 82
65 140
700 615
351 21
434 45
841 55
183 347
112 295
791 967
33 470
465 342
623 840
360 578
84 486
586 897
423 755
670 115
771 236
156 773
164 174
276 872
668 987
833 902
374 336
392 62
655 53
390 857
419 591
505 6
577 636
969 731
46 868
652 882
525 713
158 560
259 943
73 254
706 840
508 993
726 88
633 224
75 56
586 413
702 479
455 651
138 317
749 907
78 626
45 957
195 742
45 355
344 274
124 804
274 92
136 42
73 879
910 711
686 802
363 530
246 173
804 287
688 538
187 501
99 851
322 710
470 937
454 967
855 182
178 724
791 741
376 457
774 214
469 331
71 556
443 60
38 99
814 777
131 664
932 444
365 566
864 151
350 178
76 441
533 492
697 789
363 311
895 296
409 911
505 643
12 694
163 230
439 593
52 395
141 880
833 264
776 641
837 998
311 193
297 125
123 18
710 128
373 81
700 331
250 493
712 703
404 628
605 23
798 710
575 683
399 497
841 946
659 959
104 351
345 873
337 542
645 450
608 222
887 46
383 136
603 679
906 507
529 642
697 647
519 895
608 849
433 273
597 22
12 538
717 889
268 882
587 585
846 519
229 180
653 446
723 115
594 892
485 894
468 338
820 519
593 555
776 846
170 62
635 749
571 592
186 329
613 279
619 284
942 170
22 197
601 311
283 72
730 311
338 508
120 375
893 512
440 52
374 970
773 455
369 800
637 794
824 570
516 423
647 299
706 53
836 239
291 99
381 652
123 80
982 782
647 267
487 752
665 372
224 632
383 900
928 6
232 13
877 139
786 450
289 566
386 878
461 569
751 549
957 913
23 12
801 644
533 235
299 921
215 520
72 999
271 930
962 829
380 19
725 309
617 440
636 961
533 871
762 362
316 126
838 666
80 973
313 354
689 417
368 301
944 387
50 760
602 385
994 661
710 652
966 390
296 826
325 24
879 589
478 449
532 664
977 751
414 28
126 69
23 142
17 569
622 988
709 68
149 301
780 456
85 272
223 439
140 628
844 884
145 693
303 244
698 142
647 735
601 934
403 228
38 397
701 477
69 764
87 475
53 880
737 810
112 703
986 958
683 771
994 834
437 482
222 744
477 770
449 141
121 317
760 986
857 75
441 448
451 843
705 529
292 902
413 995
488 577
402 473
490 798
373 836
328 145
734 686
594 80
489 326
369 580
579 441
322 490
318 172
150 478
470 750
145 780
310 237
463 423
851 875
551 561
755 139
87 597
836 292
41 130
293 629
263 304
294 831
544 878
228 284
786 291
998 996
162 475
419 142
585 430
191 293
529 655
483 978
223 264
23 625
937 939
521 687
108 680
402 460
792 540
361 480
22 844
425 663
675 59
951 913
712 251
761 378
269 51
515 290
841 445
672 607
226 172
300 26
344 936
933 355
372 418
363 932
422 172
216 135
33 217
109 473
239 2
972 336
993 128
530 100
817 468
470 383
569 116
316 736
753 786
76 373
469 881
433 816
559 486
629 509
298 661
833 752
427 796
62 442
208 805
599 56
414 552
590 190
162 259
673 360
665 910
718 10
55 627
165 999
250 757
261 357
929 623
852 186
859 969
778 620
576 403
863 900
822 715
812 333
427 805
731 606
292 124
343 670
970 985
546 949
589 531
445 508
802 602
928 978
52 979
727 317
409 439
535 829
223 203
672 685
109 582
401 603
326 471
781 92
973 4
325 851
291 728
110 522
109 664
86 225
310 11
621 164
761 395
786 603
661 108
622 920
624 841
278 38
21 31
637 284
296 912
99 68
353 256
475 78
193 52
443 352
200 132
255 855
386 339
259 679
755 216
878 118
286 446
708 381
14 371
493 157
193 863
879 147
183 366
351 401
931 348
925 866
678 329
142 411
962 703
254 539
735 805
721 275
413 258
933 196
292 903
13 258
950 419
494 604
200 744
702 884
687 545
259 379
175 149
246 820
826 671
229 262
656 352
334 118
833 66
93 941
50 362
339 643
717 227
752 741
116 816
665 955
904 151
160 978
748 313
970 947
301 219
504 178
252 514
274 141
740 924
545 587
520 275
585 389
17 772
541 559
765 2
114 842
384 77
974 993
447 239
58 378
976 732
45 915
270 546
940 406
859 7
163 840
78 448
977 685
72 84
873 985
358 362
253 498
217 538
793 692
965 979
398 63
308 510
297 772
534 859
718 396
787 765
883 172
248 178
17 371
912 388
254 498
168 734
64 916
18 550
886 120
100 300
354 575
575 888
288 142
598 182
622 799
552 975
300 363
448 417
193 741
523 123
469 62
187 595
721 586
380 327
74 271
729 949
57 587
169 546
330 944
47 462
117 880
890 640
747 288
199 67
497 323
113 397
76 111
984 186
951 142
26 360
359 875
212 210
373 167
635 1
343 478
995 998
712 699
635 130
200 892
150 339
713 487
850 956
954 519
139 541
899 996
862 883
493 188
914 113
613 250
968 534
461 73
588 186
852 748
624 180
308 97
63 789
860 571
744 982
770 192
67 108
106 824
585 870
736 408
14 836
684 141
413 465
779 968
622 177
932 806
984 575
434 819
358 748
617 975
911 794
539 529
314 874
648 268
268 682
132 232
87 210
498 102
690 69
760 784
951 551
704 856
434 751
526 919
291 692
454 407
84 455
68 361
684 474
276 552
69 149
453 794
528 126
747 607
504 873
108 21
829 769
83 643
687 391
193 990
426 256
834 523
515 641
132 156
774 760
617 357
713 508
159 675
976 21
775 430
371 390
836 408
99 767
596 998
730 712
561 705
764 916
830 691
483 429
1 935
531 765
162 594
682 35
19 976
614 411
659 66
697 511
514 426
12 345
545 188
35 679
105 855
341 274
346 813
287 902
2 96
102 318
754 867
875 666
852 8
793 151
529 758
577 385
259 590
482 1000
144 510
821 109
384 428
447 821
757 91
498 282
839 177
740 546
672 389
1 833
393 899
175 632
655 12
661 98
93 569
755 1
981 777
392 219
388 199
105 488
516 400
851 497
213 491
981 607
414 627
347 888
250 96
1 708
590 331
999 592
553 784
278 122
698 625
856 42
321 967
668 967
862 423
892 196
920 762
315 223
369 562
726 796
32 363
648 546
537 610
1 43
195 409
129 978
500 327
542 162
594 325
313 887
921 695
538 366
241 85
715 282
622 770
651 4
703 481
535 423
891 376
920 978
749 51
98 362
918 264
890 160
507 219
69 979
935 155
703 628
681 613
462 302
594 116
500 621
283 193
526 263
989 124
132 106
819 11
815 113
358 128
726 620
214 201
179 841
31 705
137 247
195 960
802 615
73 516
763 718
576 520
536 186
263 552
163 410
218 131
77 566
721 397
227 701
136 717
996 846
574 233
217 758
28 860
459 489
583 776
347 849
577 502
323 423
72 914
939 787
564 755
644 77
516 393
934 697
19 330
631 720
995 744
52 691
429 787
479 95
732 808
153 132
566 776
575 534
351 201
22 866
360 387
473 653
226 201
648 125
639 135
59 602
434 131
783 801
657 968
141 779
607 337
91 26
657 200
966 626
638 793
385 577
409 696
971 623
188 122
491 821
784 133
618 243
357 913
964 425
168 540
204 360
599 792
882 739
317 843
718 879
943 658
186 95
733 105
200 901
157 287
228 399
576 804
496 925
440 783
899 132
556 450
319 891
746 884
37 721
255 148
696 751
99 213
640 506
47 12
255 536
298 330
235 16
289 361
5 482
806 487
11 677
639 374
500 166
5 589
40 932
557 784
883 263
540 326
786 989
854 677
333 809
124 761
346 673
368 97
314 395
30 115
158 998
606 856
18 219
5 569
675 210
548 181
318 915
629 150
707 474
573 113
127 170
232 78
667 194
1000 695
105 764
804 83
785 47
726 538
733 482
180 845
58 483
289 136
93 936
975 929
192 787
709 876
222 108
766 841
620 623
516 476
969 895
491 476
166 964
293 546
969 820
964 502
376 917
638 433
804 452
445 527
559 260
453 346
204 459
627 283
468 354
376 753
153 107
255 995
778 362
323 354
429 549
149 647
927 378
971 145
613 568
992 719
428 749
783 335
818 790
843 747
811 360
779 919
307 72
252 247
245 289
814 1000
841 214
554 589
127 782
932 274
640 642
772 334
3 674
162 116
235 173
763 581
438 643
664 715
94 473
939 359
83 259
845 659
498 751
203 206
860 836
49 404
222 735
658 96
380 215
720 919
246 550
777 567
920 73
786 889
525 155
333 386
339 505
253 180
44 476
739 247
773 934
198 279
322 477
9 994
52 341
493 353
721 497
557 41
367 256
533 434
918 206
458 29
366 480
160 579
783 613
531 579
976 974
803 443
417 256
462 57
741 126
