72 654
58 132
554 805
299 117
984 682
499 521
841 734
29 583
154 779
169 521
65 428
879 584
251 825
818 21
34 783
201 667
728 907
33 586
365 826
227 500
212 995
378 676
53 991
182 578
514 212
959 914
11 633
702 120
415 41
824 751
576 274
148 887
541 181
112 513
972 725
256 25
491 526
167 275
145 736
163 718
343 560
599 792
656 612
961 717
447 815
208 885
541 883
749 791
222 351
426 362
850 754
813 15
625 881
969 541
228 986
263 264
842 28
331 786
142 155
461 637
651 190
46 333
960 154
748 564
680 120
948 935
151 526
790 816
845 840
590 681
350 62
15 919
227 484
527 371
849 7
740 830
954 118
231 229
943 491
366 450
541 44
836 255
946 328
212 417
587 874
317 662
303 382
663 325
944 833
589 111
510 147
565 955
270 366
958 602
188 194
910 353
214 408
195 658
988 322
34 554
92 822
496 155
506 422
327 877
724 906
379 852
521 184
50 11
154 579
913 147
65 697
689 572
298 5
163 805
30 725
313 550
184 971
589 357
75 722
419 710
313 218
604 134
529 967
980 308
32 332
629 664
293 346
487 325
104 776
915 940
335 177
923 793
857 199
321 326
231 209
732 62
864 637
713 947
595 31
710 715
877 872
580 77
318 464
472 342
895 340
121 178
53 549
884 23
1000 355
741 6
760 941
837 936
417 839
178 290
857 581
138 444
595 384
283 228
678 385
249 454
902 679
900 809
598 490
788 474
637 419
220 648
26 737
530 262
128 373
625 279
724 717
876 168
402 150
277 836
599 267
238 709
645 837
724 628
444 71
897 46
89 100
815 609
306 139
2 690
405 701
96 451
536 999
908 449
426 642
984 113
618 388
130 154
617 386
995 708
55 873
602 434
904 141
646 531
935 820
68 49
715 710
881 71
34 454
948 474
498 853
659 335
784 353
151 206
549 576
168 223
132 719
101 795
980 802
170 224
360 105
418 236
768 882
436 990
452 965
901 281
239 719
745 800
481 931
617 922
139 995
352 539
277 985
356 356
635 210
443 38
79 230
699 761
318 696
46 111
243 909
16 314
415 159
862 659
612 24
798 404
503 988
249 651
156 799
118 27
411 399
249 729
761 916
264 358
597 415
264 329
510 835
219 984
677 498
338 704
558 728
559 954
875 739
89 976
368 539
477 822
636 565
229 298
603 807
770 462
675 942
400 614
601 752
34 896
704 621
196 180
728 947
525 107
988 643
297 634
869 835
301 924
29 657
654 320
644 334
174 256
96 782
824 266
151 990
410 921
218 26
282 11
277 43
784 551
636 912
279 236
113 54
613 674
878 926
326 721
308 817
562 92
708 812
166 918
594 711
970 616
778 386
947 295
357 300
753 873
847 491
214 130
513 418
516 653
449 518
411 175
777 318
917 341
385 553
579 784
571 804
588 549
644 168
141 733
734 110
420 244
290 534
932 198
861 183
362 316
841 554
732 316
396 347
581 860
447 95
486 393
273 615
952 738
390 108
557 258
723 253
581 529
249 478
589 53
858 379
795 605
858 979
899 834
174 204
639 777
287 683
432 81
703 591
569 598
95 810
795 747
512 928
963 476
194 628
946 849
384 922
672 826
341 669
659 737
249 28
321 539
960 635
104 255
184 309
457 544
840 300
263 324
676 630
615 817
636 978
494 576
827 810
246 923
756 325
176 448
27 777
791 368
166 7
193 897
402 494
981 100
801 725
64 708
358 979
996 111
606 126
209 955
896 648
870 61
559 523
394 325
364 689
648 682
952 10
400 787
954 640
937 243
727 251
931 535
989 782
872 187
773 489
634 34
519 223
679 565
996 598
308 539
612 190
933 980
332 201
713 695
172 989
285 208
519 862
424 298
802 651
633 133
847 884
193 716
246 298
693 626
407 119
589 361
125 329
679 114
760 332
868 853
821 575
53 539
242 775
966 36
367 832
719 956
594 685
261 397
701 854
362 493
720 342
323 158
680 317
303 564
32 101
905 791
940 620
407 496
679 821
596 858
712 170
30 827
656 550
321 21
458 704
244 310
176 95
348 366
283 162
837 849
949 968
561 860
913 129
88 210
22 243
916 749
104 402
518 733
476 906
130 271
702 335
807 672
620 754
615 984
577 518
552 564
283 927
772 860
29 3
132 887
564 843
149 71
462 541
714 611
701 645
996 998
688 479
623 310
586 536
57 46
114 468
195 534
653 764
723 480
16 958
337 280
575 939
241 775
378 188
285 601
986 4
884 946
423 933
166 829
389 908
809 392
734 501
823 27
645 103
224 49
406 419
696 972
851 928
867 105
599 993
931 422
692 581
409 580
246 922
668 885
28 19
668 646
315 586
880 173
964 430
963 969
728 522
682 924
967 919
975 550
200 128
233 138
735 185
887 979
400 53
318 302
850 544
786 240
388 309
381 666
302 288
826 751
719 309
445 106
824 613
547 680
162 166
34 303
650 814
141 384
52 165
887 191
954 809
359 929
627 357
248 629
872 992
27 442
36 686
536 944
645 454
65 616
504 495
191 318
576 391
39 441
566 876
974 511
84 79
974 404
678 546
136 841
432 450
19 15
298 996
23 84
498 894
943 974
887 802
986 528
737 905
57 684
309 382
546 406
731 985
994 615
506 557
878 481
915 719
96 643
343 86
574 128
512 804
512 871
789 68
151 557
110 518
442 621
959 105
812 647
916 181
755 219
312 664
190 201
840 18
232 677
928 26
116 697
651 217
846 444
385 149
792 418
793 478
656 186
164 885
700 516
937 967
628 893
952 569
977 44
252 159
168 558
772 211
977 636
469 588
685 990
434 72
322 383
115 738
256 470
3 439
914 66
737 785
200 178
349 989
516 654
221 300
484 965
928 83
781 766
880 549
198 815
806 155
996 111
973 274
694 912
505 469
137 982
69 918
668 713
332 570
306 99
372 988
528 926
626 902
602 150
644 634
405 38
395 58
877 445
166 900
167 584
620 589
595 869
782 795
443 788
880 337
55 522
285 155
277 53
45 634
494 379
623 144
852 1000
550 716
559 207
945 329
951 279
836 698
619 114
107 415
453 501
547 424
362 430
644 91
947 325
986 217
59 884
200 358
979 670
849 113
433 670
193 700
959 631
245 451
281 785
712 359
227 374
790 19
719 913
6 549
68 202
431 175
980 332
848 124
938 810
790 272
801 456
334 855
443 75
12 982
621 394
73 117
401 325
547 610
63 540
995 30
797 759
55 503
398 115
591 433
331 944
667 558
947 623
728 898
675 195
581 355
119 294
465 608
89 774
203 920
991 650
846 249
710 93
210 984
245 331
579 709
950 495
693 424
815 579
697 712
508 354
385 103
909 603
882 983
291 970
308 845
645 23
109 670
698 393
581 352
788 792
931 954
250 955
658 468
264 294
845 533
515 555
131 499
710 931
120 932
339 453
9 724
717 132
940 774
91 888
484 934
588 625
136 563
494 401
933 170
145 919
113 788
848 144
250 881
985 656
243 254
800 936
152 636
738 4
149 955
885 485
379 119
773 420
326 817
732 520
581 144
389 427
245 25
32 590
799 871
862 399
24 703
780 449
181 416
230 873
815 389
816 328
546 56
768 52
744 658
689 129
341 522
96 338
124 120
391 68
769 486
205 945
598 516
949 663
69 633
521 698
550 162
83 742
9 982
92 425
236 832
800 726
852 912
698 361
832 465
190 932
813 171
593 703
717 823
972 221
428 603
919 684
775 271
866 877
123 661
767 843
524 951
645 971
662 947
704 998
281 974
646 300
245 58
119 641
95 967
960 375
817 595
347 345
671 156
321 41
221 905
593 632
778 428
378 348
110 297
52 769
769 757
681 707
959 421
583 279
238 129
80 304
868 278
771 121
143 189
546 326
681 648
896 101
835 522
29 578
575 75
850 212
842 84
539 483
833 546
138 165
548 207
161 198
983 684
638 331
36 525
422 455
362 824
676 346
713 439
937 625
72 876
630 654
746 30
374 808
808 285
281 254
406 181
1000 276
332 244
557 618
187 214
216 710
755 627
126 956
252 289
671 630
40 872
855 915
240 437
197 327
82 904
479 811
175 432
520 434
575 828
239 758
887 591
464 328
414 9
471 133
714 200
249 381
283 958
888 283
70 53
386 211
198 73
776 442
355 795
367 288
383 147
83 349
148 987
664 811
38 735
924 750
548 844
335 234
951 140
538 853
51 358
977 236
993 338
946 144
931 16
63 337
585 394
131 256
732 787
32 30
167 794
780 601
370 69
315 103
465 116
747 559
574 294
38 895
244 986
823 307
990 722
820 88
552 683
888 352
784 814
453 996
244 401
983 62
936 295
444 439
397 313
396 414
78 62
848 195
4 430
68 114
197 228
379 354
364 632
321 882
804 990
530 661
847 175
794 448
351 1
597 577
14 37
665 866
466 632
779 98
215 485
456 828
774 85
726 30
148 509
957 671
48 292
982 322
381 244
765 881
894 621
377 396
677 85
491 745
454 842
61 134
191 150
45 93
783 656
259 270
632 545
347 449
