373 483
26 210
147 595
539 97
394 875
224 929
278 268
815 375
681 933
599 55
600 67
645 292
22 186
733 11
160 521
55 464
454 269
643 5
261 331
425 738
924 326
377 583
873 980
810 553
588 79
996 462
947 937
986 965
452 930
820 469
517 388
878 62
499 845
301 659
33 418
381 427
27 595
238 84
277 97
378 391
489 963
997 261
255 757
264 576
552 708
447 614
177 858
906 776
326 50
976 874
404 721
241 520
129 188
669 498
957 973
346 680
536 369
494 642
443 398
337 204
72 531
23 773
906 110
216 554
496 268
418 656
267 563
358 486
875 632
382 251
437 796
111 419
753 909
886 980
983 73
911 370
79 328
842 846
268 495
951 120
491 332
267 791
105 597
179 992
333 997
971 32
791 607
281 868
484 335
518 370
496 613
173 368
927 927
676 331
577 998
464 329
872 177
438 814
547 47
647 581
811 255
821 576
690 232
409 844
706 168
63 78
211 959
155 27
348 682
15 202
250 598
900 109
931 190
467 815
644 336
889 539
959 592
920 111
847 275
291 298
233 383
312 39
206 572
30 330
122 588
642 344
294 988
799 659
9 251
171 393
486 391
854 956
431 298
977 898
48 209
15 436
336 347
705 397
279 550
479 78
995 802
699 529
834 440
480 454
396 394
777 544
774 255
282 311
822 484
38 524
97 203
925 890
16 491
9 433
639 317
928 184
537 341
269 207
45 79
99 608
655 45
707 405
296 473
790 745
99 935
286 496
361 871
978 577
830 587
683 312
319 414
575 451
961 820
385 887
845 922
512 21
327 119
346 645
124 705
385 170
555 369
27 485
519 948
81 219
749 34
106 194
279 337
14 515
142 861
180 267
231 424
741 147
449 748
583 210
746 526
576 463
829 985
143 693
21 920
137 588
34 146
779 599
564 579
641 911
563 29
303 111
236 206
902 858
492 351
690 608
884 44
234 311
926 614
689 667
400 47
824 171
302 521
611 380
54 235
816 1
916 497
111 737
801 670
823 529
274 968
567 823
69 331
438 321
309 443
112 236
695 264
663 373
202 843
842 197
232 373
964 944
978 35
33 317
25 788
114 455
706 655
83 139
506 63
708 707
345 733
389 108
919 214
685 791
696 655
868 297
959 176
590 203
314 524
750 216
217 251
371 711
132 289
665 722
854 233
390 214
957 348
25 435
861 729
990 336
64 774
731 890
434 618
827 198
782 599
724 576
292 505
855 604
684 615
138 903
621 146
393 522
943 906
345 682
313 992
767 328
252 922
590 68
969 204
507 912
921 961
136 950
405 911
114 545
238 991
412 52
988 827
231 706
781 924
779 722
364 454
489 837
136 773
524 439
297 421
251 872
230 295
20 651
293 983
422 253
145 237
498 963
860 139
914 156
922 663
924 918
450 198
245 297
781 416
469 812
813 80
706 162
52 513
36 632
713 71
173 908
898 30
306 57
134 919
958 464
346 55
540 63
991 898
376 991
486 30
413 936
491 110
913 841
197 933
7 696
677 52
219 908
16 16
182 555
812 493
349 535
57 647
767 67
581 761
662 824
702 251
842 738
893 650
122 58
34 151
20 489
470 67
636 783
882 316
358 430
919 681
57 34
209 771
502 735
807 932
224 108
347 567
132 832
734 559
556 863
999 19
613 582
690 478
954 773
580 276
856 826
560 28
220 176
238 685
924 674
170 559
479 335
592 67
770 435
932 65
262 566
31 823
920 101
715 275
823 774
342 683
942 297
835 100
176 81
161 725
669 631
976 196
639 272
999 886
608 185
784 214
258 499
957 742
460 619
38 154
514 258
768 863
569 506
224 13
79 329
160 901
744 592
583 489
187 25
432 118
992 802
577 18
517 489
368 483
428 760
848 225
99 669
144 129
140 979
72 664
755 647
812 99
300 911
120 131
561 29
37 149
466 397
735 83
874 204
52 686
624 733
260 63
980 753
225 244
607 407
75 303
895 266
921 112
378 963
369 344
338 979
253 446
638 151
816 173
423 236
768 313
77 848
71 42
139 111
717 742
939 25
522 668
882 944
830 332
76 336
602 294
754 849
349 664
29 942
896 488
870 471
36 830
387 545
309 863
324 95
987 381
910 463
82 606
386 711
778 743
13 491
563 881
878 472
716 789
289 267
333 305
319 992
734 335
350 68
188 730
501 311
678 221
384 406
451 336
756 220
710 968
753 807
254 583
348 916
704 474
598 941
850 932
901 694
195 321
573 753
227 464
405 44
13 140
763 157
795 902
820 495
541 311
28 944
477 100
216 127
533 695
927 119
495 34
902 166
398 251
960 29
209 523
60 450
411 547
902 641
561 411
316 177
634 171
960 303
8 567
4 188
890 567
517 296
524 289
638 760
419 338
470 949
868 447
946 611
173 745
999 832
476 239
729 222
98 468
790 465
162 465
658 894
414 122
1000 926
947 9
92 514
237 163
822 586
678 97
139 701
17 105
424 887
68 17
522 211
410 269
831 691
117 285
485 498
861 713
638 676
961 369
330 318
944 318
315 419
270 742
260 565
628 468
718 204
195 87
631 266
807 173
687 327
880 533
828 36
820 561
445 155
579 893
444 22
110 165
346 697
592 569
396 82
408 853
69 728
480 333
70 976
951 326
715 45
380 376
28 858
314 515
321 807
953 382
273 448
296 919
983 294
434 254
200 563
187 559
717 239
674 685
238 796
448 897
511 908
445 490
661 648
377 439
112 448
860 48
955 942
349 677
75 492
943 591
523 192
392 664
979 459
660 248
285 77
992 881
807 175
865 91
172 994
251 145
714 529
553 723
177 740
977 127
497 974
168 75
586 637
949 230
281 852
559 216
722 555
628 92
522 678
361 746
363 242
989 706
644 516
903 21
137 980
258 86
811 919
299 252
487 468
917 727
647 848
649 290
38 354
408 77
190 89
586 661
577 411
297 947
643 509
49 805
248 269
328 311
722 281
116 19
649 865
424 637
646 942
419 435
835 920
158 173
872 255
293 593
413 953
150 384
272 400
836 547
779 97
336 384
356 368
992 922
537 471
53 536
301 753
766 254
989 720
608 682
59 276
775 206
117 65
512 55
229 737
554 264
468 293
290 41
973 803
228 162
651 332
955 206
587 139
91 342
936 828
880 311
571 468
670 596
376 165
193 487
665 954
524 347
680 781
319 263
252 365
796 66
505 677
881 924
979 419
751 705
818 587
25 161
864 217
405 53
1000 75
913 970
69 950
803 354
57 312
323 788
543 281
5 47
52 843
726 894
456 528
96 634
621 476
153 328
490 171
226 602
600 614
892 663
746 801
902 935
795 626
7 337
274 814
782 38
130 263
36 271
149 317
567 714
364 621
235 109
66 613
499 998
922 752
252 581
861 824
293 191
203 138
829 386
437 260
643 507
945 428
226 558
301 176
149 130
881 440
800 87
202 986
62 41
744 392
265 764
245 280
742 117
783 81
637 139
672 93
814 550
500 333
438 496
934 659
879 31
403 910
123 449
4 456
822 759
974 527
525 951
632 316
704 769
380 576
568 720
94 523
693 198
589 727
359 475
99 234
41 51
201 99
10 711
804 608
330 322
274 287
683 638
592 646
990 738
358 39
42 171
23 475
729 16
351 88
339 605
131 295
511 491
243 258
407 266
910 147
550 153
339 597
830 901
370 857
593 519
490 580
83 25
301 647
828 204
32 548
904 819
919 75
814 542
651 20
948 156
823 414
282 149
279 309
800 20
343 63
432 243
724 52
200 328
891 823
90 599
718 479
415 816
56 691
663 394
662 659
955 888
412 891
371 518
604 924
464 355
254 143
423 769
902 262
290 987
28 959
779 49
920 988
849 529
712 588
374 648
179 837
428 582
432 180
315 610
354 18
778 129
521 546
657 255
319 745
361 100
760 939
237 875
778 657
436 180
670 250
574 592
993 442
752 398
120 546
176 454
288 769
99 978
923 285
968 971
280 706
454 427
925 832
460 407
909 462
205 580
385 291
764 353
23 710
873 43
606 538
953 567
797 511
343 905
482 271
632 684
784 663
520 783
948 383
981 102
665 528
606 435
878 926
390 398
152 58
338 233
421 171
651 762
479 761
457 31
325 251
935 936
424 485
625 487
302 828
375 89
765 433
506 800
407 803
794 349
278 554
870 571
111 281
583 941
915 332
364 7
282 602
617 324
823 977
721 601
119 51
635 169
496 230
866 769
65 881
770 909
85 15
410 576
401 54
842 115
619 280
92 825
895 514
174 807
580 957
889 362
701 339
911 380
109 749
742 591
411 925
411 106
510 419
182 500
71 746
798 956
483 418
602 273
24 3
47 401
414 726
779 703
388 951
2 652
647 133
508 71
84 839
297 874
556 951
288 728
935 124
426 932
348 345
531 562
716 889
888 304
262 468
863 181
565 351
725 711
186 310
8 60
214 982
818 428
206 632
790 55
621 161
82 870
874 225
658 87
920 216
885 909
86 111
106 350
418 345
786 99
87 424
650 573
764 331
76 937
558 338
744 438
159 710
337 890
852 325
359 161
254 937
609 558
242 708
822 254
617 907
252 275
575 589
317 764
529 736
426 740
325 169
650 438
509 502
423 155
463 105
724 633
691 88
934 744
42 597
549 866
132 818
207 778
832 902
765 80
425 39
17 167
224 303
111 766
886 517
775 115
267 94
907 959
117 581
80 9
610 440
822 602
6 198
911 644
748 688
980 291
826 167
796 354
774 135
611 754
646 928
393 91
210 400
740 470
978 417
467 981
349 38
188 903
974 127
808 482
17 426
475 559
501 180
262 757
799 315
664 624
568 757
182 146
663 727
322 141
317 23
433 655
532 521
139 168
484 34
426 697
1000 166
689 178
761 630
494 207
768 732
82 980
1 253
65 165
856 978
665 270
595 849
22 347
997 281
694 663
366 313
668 790
126 512
33 954
883 868
419 720
193 317
700 405
830 4
679 884
246 621
391 385
973 7
734 687
175 976
513 247
345 705
390 727
686 854
415 144
77 71
269 815
690 995
599 290
17 896
108 84
205 330
672 289
423 741
203 428
808 379
698 125
278 698
51 792
15 569
278 667
944 197
795 652
856 599
440 845
190 672
348 866
64 667
238 360
448 343
286 423
236 536
837 910
16 928
674 420
302 765
240 672
12 602
443 323
606 384
91 639
423 894
476 753
153 559
271 717
945 799
15 742
635 309
11 776
258 624
738 858
496 481
347 466
160 413
271 150
326 260
732 775
490 193
354 579
151 714
38 305
663 178
175 267
50 762
569 561
446 216
203 925
348 891
760 449
35 973
586 935
840 817
88 317
969 69
616 371
410 420
52 930
653 671
17 242
170 238
999 823
845 791
660 806
377 997
142 670
423 280
71 566
703 121
536 988
57 722
229 344
36 526
918 152
363 763
910 399
604 179
872 161
761 432
36 529
188 136
359 281
897 24
321 865
198 977
831 364
56 146
76 59
751 128
278 78
305 827
588 595
97 760
155 117
515 627
952 982
440 919
630 497
801 640
825 121
550 15
710 47
412 810
742 43
3 144
243 263
70 677
643 102
156 755
130 30
181 664
638 811
940 248
419 296
775 720
223 771
444 60
341 408
816 173
389 967
178 37
654 237
988 959
131 26
170 711
5 143
681 350
167 124
322 275
528 98
123 955
881 437
840 899
518 454
14 531
372 671
511 762
457 898
408 831
768 557
63 467
926 363
159 683
357 916
771 995
497 101
588 224
956 789
133 191
410 196
18 429
373 899
622 588
961 438
569 253
157 596
64 527
500 816
39 454
667 609
864 514
443 143
892 727
93 180
382 121
249 618
127 491
553 763
631 670
472 944
947 7
354 578
113 885
17 655
736 147
737 100
418 406
223 10
930 359
371 131
661 114
257 149
250 788
528 111
525 89
967 84
1000 786
234 54
629 679
497 470
640 321
19 598
652 714
865 619
30 865
653 654
396 196
327 715
924 53
779 991
724 713
108 424
228 634
332 106
881 459
413 878
353 878
14 499
245 931
64 747
38 771
177 262
645 830
873 444
142 641
518 157
965 891
165 670
485 819
116 130
687 355
59 894
586 359
804 900
391 922
57 582
777 100
126 71
379 604
597 33
64 263
736 309
1 290
729 475
440 736
45 659
34 929
666 97
861 498
104 287
284 26
411 29
695 474
536 813
256 317
903 168
941 593
894 404
560 452
33 640
164 785
590 327
513 488
835 192
571 482
817 765
169 544
293 528
938 586
696 704
107 81
35 194
768 117
189 705
856 653
541 430
985 504
49 104
122 373
329 777
120 693
825 45
32 677
187 653
946 602
739 857
751 894
440 968
550 739
336 757
545 992
552 588
529 17
156 911
124 546
842 295
22 168
733 974
831 192
580 868
904 90
440 746
79 233
328 176
487 671
914 62
371 368
276 97
42 217
811 299
444 860
717 796
130 176
230 83
6 459
387 259
617 744
602 598
631 277
614 322
969 76
204 622
264 414
968 313
815 200
363 914
205 779
686 397
811 110
616 807
791 352
162 844
883 322
520 172
769 179
606 972
550 866
154 420
603 583
899 814
933 458
356 730
760 977
375 612
722 319
24 522
961 330
922 457
211 296
406 970
90 353
937 92
158 236
614 298
642 842
277 520
709 362
151 60
542 70
898 305
135 501
921 432
799 312
246 372
182 907
745 606
277 542
869 824
752 624
616 574
981 421
853 318
371 391
631 247
771 537
549 974
775 773
431 835
570 581
432 781
835 334
550 928
893 839
665 809
414 152
749 591
265 439
689 173
842 956
527 749
959 392
79 179
979 986
600 366
566 727
850 971
271 338
808 731
202 980
383 399
961 687
748 513
67 62
535 131
54 390
518 759
974 540
460 308
710 996
642 335
318 267
468 335
161 658
312 922
804 574
687 985
331 593
857 337
410 998
802 215
549 921
388 242
884 280
267 39
979 717
854 135
793 69
634 919
833 366
163 400
993 540
636 803
223 393
857 281
554 336
206 76
402 971
800 946
767 671
923 989
197 866
489 306
931 245
932 740
240 996
187 711
346 744
953 725
851 62
501 764
794 778
73 152
450 755
993 280
929 252
592 159
525 734
635 902
197 376
329 926
687 294
301 647
282 898
492 528
230 397
599 964
701 55
790 448
930 576
267 751
811 289
451 172
135 184
375 744
168 937
92 216
947 367
648 698
806 519
536 581
613 913
273 533
629 133
400 139
783 72
523 604
906 900
424 916
457 111
5 155
622 879
706 768
896 932
375 328
79 409
415 422
874 749
756 734
645 668
961 497
8 900
282 455
373 810
70 201
430 30
252 710
11 879
248 977
642 936
878 177
737 172
562 48
961 406
995 51
462 875
114 945
359 988
728 894
920 641
250 985
147 548
983 733
465 492
973 275
658 112
634 449
573 730
332 581
230 595
744 93
471 762
919 515
549 490
505 541
157 134
717 533
991 943
326 39
387 265
334 329
271 543
878 574
666 89
92 744
27 135
295 246
828 722
304 929
607 628
297 106
41 940
530 548
264 552
244 428
836 854
344 120
777 151
767 288
497 575
306 344
382 654
276 472
850 393
217 859
879 579
662 946
371 52
780 430
786 973
84 666
250 973
167 817
597 891
624 572
802 693
282 184
992 951
302 43
895 67
728 724
71 611
644 743
38 492
44 757
28 224
369 382
686 321
39 290
648 21
449 497
534 129
411 887
924 301
882 685
941 843
107 237
354 510
811 398
157 369
905 159
524 427
943 70
34 161
487 935
620 400
388 1
51 641
564 195
818 705
142 841
236 527
165 304
338 982
623 227
143 333
288 548
988 418
872 732
828 369
352 299
335 119
809 742
792 94
3 733
455 560
627 361
768 921
7 75
845 232
974 86
306 279
326 36
887 143
906 368
4 459
555 269
619 739
517 998
416 86
729 582
912 244
839 797
859 373
952 464
764 455
823 630
726 197
183 911
41 206
250 353
9 867
41 122
860 605
633 617
395 758
269 523
779 496
222 511
336 117
109 573
10 626
192 248
671 100
481 966
657 916
149 924
113 396
40 728
486 287
52 360
584 37
655 607
801 816
848 179
715 488
962 876
545 510
402 611
316 779
744 381
757 462
84 990
150 951
861 998
586 570
517 780
90 994
112 60
718 966
267 495
232 864
447 547
633 709
117 592
104 539
67 264
64 51
997 459
731 551
755 679
823 203
670 346
328 260
656 30
1 783
142 325
991 858
906 836
514 674
813 70
432 823
121 642
926 141
267 962
220 825
452 33
628 615
724 603
382 245
376 32
440 632
196 953
317 903
890 306
894 473
796 816
410 572
653 162
907 402
460 967
161 534
25 178
638 947
722 634
210 424
922 554
403 380
396 287
926 221
514 720
259 356
382 82
854 177
469 690
620 841
749 986
858 812
372 259
954 615
566 912
330 532
69 326
107 288
577 269
313 780
301 396
875 966
40 472
947 424
160 796
603 341
710 802
739 728
738 579
782 483
18 638
946 341
412 873
143 55
452 565
901 974
837 830
141 975
985 278
148 662
388 817
458 182
698 310
359 119
547 164
584 946
882 658
170 843
400 928
842 385
710 37
16 922
708 71
331 749
345 93
373 779
640 709
888 4
234 463
770 215
165 273
626 512
595 358
835 532
307 59
979 361
65 141
61 521
750 916
749 899
519 108
573 667
593 801
677 626
978 894
20 87
176 175
803 322
466 916
743 212
433 667
200 7
930 516
353 461
89 394
226 960
77 506
864 178
849 571
191 805
827 414
78 548
929 556
746 32
198 407
830 868
851 64
998 952
752 851
579 830
970 269
58 762
542 90
369 203
729 805
658 365
978 44
297 822
160 757
639 795
979 743
105 234
238 795
370 549
394 237
326 686
857 243
761 178
628 185
688 492
999 322
74 609
579 401
388 846
255 889
51 457
595 963
627 954
880 785
777 150
762 265
214 633
773 281
501 454
46 288
926 797
735 214
75 716
451 638
842 40
318 936
415 651
292 327
977 79
746 220
86 229
546 766
803 561
927 593
193 348
338 942
866 341
8 255
409 256
358 937
956 304
373 337
477 389
692 472
704 307
447 341
557 875
428 84
827 273
245 714
520 574
444 29
292 989
298 70
595 590
289 351
526 845
530 318
634 32
692 173
252 268
303 886
945 178
604 117
31 259
854 787
395 598
837 337
887 502
328 806
37 506
584 760
246 444
109 850
480 850
54 23
795 560
620 405
887 580
113 943
725 645
967 506
42 599
198 936
314 980
471 590
823 36
211 148
414 735
869 309
979 101
329 355
612 269
498 737
275 612
412 219
140 212
280 33
859 857
434 706
597 607
459 743
678 80
289 776
396 578
887 875
625 577
352 552
147 501
369 451
327 767
573 541
644 811
643 995
970 181
49 881
411 641
155 137
954 738
997 598
237 322
457 314
217 848
44 933
631 258
73 36
11 653
443 687
316 294
710 54
268 106
177 281
514 966
365 524
164 60
201 710
159 838
102 211
395 287
863 736
324 423
829 732
463 450
209 660
808 998
36 456
906 383
582 272
111 447
603 378
585 501
282 132
913 38
270 111
737 469
813 889
914 139
893 271
283 849
386 72
580 771
865 61
426 618
285 70
797 670
518 257
676 830
551 471
800 171
258 329
387 688
42 956
124 278
515 971
446 533
874 213
100 411
858 844
347 523
923 102
898 128
521 206
484 624
676 345
606 664
530 524
599 699
44 880
400 330
735 785
89 72
546 293
490 308
878 899
627 754
512 777
94 520
725 876
637 558
904 292
762 839
740 782
731 602
306 981
228 102
611 264
608 333
578 393
792 436
153 293
475 860
628 928
229 461
79 872
164 160
643 167
73 217
28 738
353 131
643 74
742 489
10 385
145 724
122 897
488 823
631 808
661 864
342 840
39 772
197 760
518 520
265 596
768 87
362 21
947 256
455 383
59 111
553 780
527 905
872 237
584 546
839 785
254 191
590 378
85 652
839 109
681 461
898 913
470 88
42 361
679 120
108 790
652 732
71 727
620 366
634 103
218 870
454 558
222 473
992 594
768 459
182 713
289 744
263 645
502 686
301 618
594 482
342 207
634 517
945 79
459 774
180 738
229 172
663 995
807 811
897 721
262 813
956 109
195 279
114 888
184 223
230 311
182 725
167 940
908 993
441 209
106 959
139 71
13 984
720 109
271 553
288 769
976 361
413 821
75 624
986 180
841 11
891 753
440 724
404 705
842 507
179 544
780 367
205 717
824 476
910 508
986 153
654 505
786 834
480 570
130 495
965 274
725 188
325 811
600 548
849 160
621 780
935 260
326 991
834 119
864 912
705 868
746 301
136 54
452 264
379 695
933 359
606 71
238 841
833 497
588 958
647 543
265 498
843 183
6 983
474 129
161 67
733 370
438 917
654 52
437 527
637 278
254 463
932 666
634 784
358 444
786 738
942 668
741 704
90 198
931 508
275 705
360 264
513 458
998 899
896 497
578 1000
931 160
599 467
873 97
437 321
655 423
392 412
266 936
828 40
180 578
318 585
802 338
230 314
611 461
378 186
182 216
757 996
199 148
371 878
942 279
779 635
801 381
924 310
436 81
226 601
559 565
945 223
197 379
139 333
828 401
199 783
98 457
766 431
901 423
583 196
196 195
455 283
913 117
132 114
206 329
678 264
896 424
514 201
794 396
683 1
488 848
50 228
551 265
602 507
157 709
753 958
545 849
663 48
900 920
747 657
119 58
195 670
478 954
255 801
165 395
515 436
710 954
709 455
925 592
307 397
139 207
48 978
482 929
20 765
907 265
161 286
956 612
910 715
706 731
841 303
750 20
196 241
30 651
723 666
885 135
304 500
747 587
11 771
514 961
119 504
414 292
275 699
893 981
897 337
560 463
193 689
1 148
511 351
716 197
456 763
102 168
312 776
5 669
310 466
249 10
49 339
936 211
461 555
997 242
641 935
582 284
177 126
590 244
683 23
844 811
106 668
530 57
63 730
692 503
700 7
75 138
437 607
843 902
865 991
171 469
575 387
738 58
583 997
523 565
76 107
575 614
553 398
408 698
264 695
268 221
750 293
549 6
242 406
898 382
145 821
487 687
781 794
259 605
541 856
330 348
253 885
789 140
379 150
860 751
564 537
207 47
933 572
986 214
680 566
588 89
83 488
327 344
132 123
524 77
236 354
881 574
616 298
1 664
873 889
635 435
520 226
823 974
694 314
981 824
171 221
645 57
653 143
840 405
326 746
346 941
822 108
172 904
589 938
470 232
282 494
948 677
973 880
913 953
483 571
561 849
826 664
771 426
557 592
82 955
370 283
684 451
771 550
981 104
507 401
893 212
365 250
109 880
206 346
307 691
781 124
966 635
945 71
854 70
338 29
818 871
188 449
564 425
826 118
124 745
296 451
161 399
446 923
477 856
184 461
836 366
934 3
502 155
326 208
188 856
882 365
779 729
268 1000
891 179
679 129
363 966
967 9
179 130
95 565
219 14
585 420
502 260
621 154
491 474
728 845
635 611
432 623
330 812
687 938
939 879
834 315
720 185
370 993
5 226
554 245
798 295
348 121
756 49
107 987
448 505
437 649
855 654
147 955
668 236
235 930
408 898
222 655
373 997
351 895
834 835
263 490
565 38
109 209
50 488
521 972
845 829
186 795
844 682
819 986
172 388
653 415
473 653
914 207
792 922
689 293
433 58
936 416
859 675
286 374
817 33
435 382
314 828
715 697
442 430
824 932
337 707
762 208
173 229
363 369
339 751
436 96
340 183
924 788
834 845
310 911
201 162
171 728
614 578
452 741
216 406
850 89
9 355
139 916
942 805
440 257
433 635
266 698
125 662
828 673
104 342
444 879
321 216
441 935
384 988
194 813
680 355
151 918
124 824
861 534
917 976
494 623
958 588
711 132
139 215
170 728
148 408
757 617
175 463
57 446
626 927
524 253
949 166
13 91
255 395
153 631
311 296
473 911
818 80
869 935
975 958
232 23
206 105
303 974
424 175
443 292
676 257
860 648
693 209
253 863
763 239
113 802
472 314
700 182
919 536
891 808
858 353
318 492
439 894
778 369
672 472
255 94
947 474
608 923
29 179
879 362
325 871
866 455
612 212
703 189
32 28
612 799
87 864
515 294
298 687
411 982
781 684
895 395
260 225
355 882
332 271
592 602
935 834
382 718
924 746
250 509
989 26
673 981
534 454
37 866
419 742
501 191
575 179
160 487
776 120
595 348
420 520
886 831
970 688
444 576
832 770
654 278
140 243
371 227
885 472
474 325
644 913
337 814
665 258
697 473
93 889
213 397
314 77
740 687
15 786
763 28
329 828
987 470
801 457
488 542
743 993
139 816
132 800
914 665
762 925
488 265
103 477
495 427
759 38
456 103
191 548
143 16
689 420
224 235
250 896
807 962
375 59
797 502
739 129
464 626
86 152
99 590
69 200
216 495
106 427
336 568
182 18
645 929
437 855
63 930
941 500
589 726
907 106
371 103
893 722
724 411
744 285
1 122
711 994
944 941
783 324
806 643
125 957
415 488
914 94
355 697
122 396
202 801
21 180
574 166
955 73
95 195
709 47
111 976
926 787
711 329
225 121
514 787
549 335
339 497
387 828
574 261
270 571
666 151
666 657
344 626
364 285
378 922
620 369
560 246
680 51
584 190
917 640
353 946
258 163
705 325
244 347
649 861
948 512
690 274
303 962
447 32
179 713
162 687
465 388
258 872
195 264
738 476
166 357
242 406
776 236
249 166
543 909
762 479
235 558
812 729
204 959
878 951
491 80
449 415
890 322
946 324
858 644
986 353
448 93
273 248
128 914
532 569
247 944
580 839
896 810
299 504
930 428
46 430
218 6
496 659
749 570
755 563
286 198
361 628
339 580
476 813
415 775
43 1
626 155
246 120
122 821
280 257
294 579
261 762
417 210
367 842
983 995
790 887
693 933
255 105
992 124
761 983
785 66
802 609
931 35
973 821
855 370
742 324
792 578
344 894
656 33
121 3
496 171
415 454
141 51
486 855
568 148
495 358
661 333
639 998
826 961
867 782
656 791
545 994
504 545
20 931
496 500
216 867
247 736
319 646
955 750
770 196
192 564
492 656
729 108
956 87
547 640
632 629
597 785
563 54
915 409
958 580
692 274
970 928
329 667
171 103
41 662
862 795
168 902
955 929
460 714
633 584
784 477
797 934
852 288
339 812
680 475
147 623
207 63
64 963
853 348
132 94
286 557
381 359
808 778
736 53
193 152
646 258
688 19
134 279
413 515
584 140
764 578
905 979
3 30
821 490
668 611
189 49
1000 741
179 186
596 397
91 9
939 785
535 698
576 695
944 387
197 84
273 312
922 671
670 213
943 760
346 664
113 733
204 402
317 984
994 931
588 981
556 979
202 169
543 457
591 296
324 281
213 88
657 171
458 584
816 880
680 683
223 262
624 701
872 484
807 70
820 864
935 40
701 106
95 478
262 598
864 440
352 403
590 25
395 528
638 445
9 691
279 708
775 363
451 855
663 67
366 890
284 108
9 566
724 788
114 914
284 349
240 561
232 222
601 458
433 34
490 644
588 329
421 201
594 69
245 248
894 792
742 931
159 269
42 207
695 82
586 128
977 119
959 90
424 364
399 80
469 301
607 383
523 999
599 91
563 683
646 324
154 467
669 496
788 815
750 435
943 735
59 403
724 750
976 380
663 330
233 1000
262 426
568 40
238 426
320 486
16 185
667 747
153 231
58 584
449 328
708 428
814 160
179 197
756 99
846 915
601 375
630 150
852 62
695 71
57 190
199 794
201 617
521 413
949 783
891 871
888 831
278 171
215 907
788 602
78 59
336 21
832 745
778 832
343 987
395 836
861 900
413 745
844 693
505 265
924 273
58 332
411 356
559 902
374 923
251 279
769 233
167 878
696 658
45 556
530 506
504 259
563 488
952 622
385 282
899 263
746 276
489 624
348 704
169 690
686 9
728 820
65 190
91 540
758 556
218 339
753 647
947 826
477 996
603 274
760 63
268 677
836 262
291 306
322 280
778 559
583 920
366 292
68 816
602 299
943 641
604 802
733 539
897 773
56 933
886 141
444 834
117 16
9 448
634 716
586 96
818 765
802 309
684 713
481 450
787 600
976 324
152 619
266 717
523 44
733 949
326 645
208 196
568 831
952 602
254 798
997 499
559 191
737 276
347 294
678 401
703 205
168 932
71 801
390 445
831 423
665 846
229 340
167 320
988 875
729 865
791 921
673 606
773 398
625 284
868 578
751 78
278 417
235 67
269 690
144 467
630 439
163 857
167 920
973 648
623 443
275 758
10 935
782 401
221 930
454 368
824 59
109 61
840 649
184 947
84 208
869 168
307 156
247 323
666 751
394 360
654 312
409 621
357 304
728 216
347 449
379 515
681 683
599 148
999 24
46 238
706 832
142 435
398 474
290 812
235 276
276 469
267 895
40 681
469 960
948 60
206 966
689 548
551 254
700 252
12 706
809 967
667 826
472 457
766 128
667 415
135 791
205 172
813 146
323 642
264 398
945 360
455 512
667 625
70 664
677 892
326 13
757 988
573 475
496 812
964 204
92 402
485 534
173 887
772 236
38 822
853 308
336 314
632 603
750 729
838 422
602 766
602 146
30 461
578 572
466 805
240 383
243 514
275 258
17 773
456 890
549 509
882 362
289 437
909 545
325 575
737 806
200 735
893 296
582 424
792 679
401 734
828 572
380 839
626 102
302 71
412 664
669 842
959 274
507 23
212 670
898 704
269 891
62 784
670 776
160 767
313 887
874 715
313 573
114 991
685 88
781 976
375 668
5 185
225 352
630 359
276 137
137 645
198 406
471 728
427 744
90 170
765 580
124 902
923 578
500 400
955 61
477 719
747 32
763 499
331 782
772 808
954 663
390 77
890 493
769 80
156 646
448 619
363 389
107 493
13 184
501 211
193 215
2 161
66 958
401 850
410 826
249 79
357 399
781 947
872 337
16 293
262 32
552 901
509 571
475 810
574 567
368 357
824 105
35 415
122 764
821 854
134 701
857 600
482 145
1 160
59 686
748 705
704 974
476 809
177 291
8 776
142 641
725 918
695 148
877 222
60 521
167 551
116 526
915 926
561 192
380 850
20 758
457 492
551 707
851 710
605 392
992 483
544 693
835 495
724 872
664 683
158 973
348 502
645 368
213 106
158 939
263 51
913 756
832 993
779 911
674 804
450 673
307 793
560 221
35 888
64 313
935 84
361 43
140 85
207 528
266 694
748 358
860 471
531 673
435 765
418 974
23 28
637 954
33 302
611 898
534 553
520 721
416 851
461 687
317 923
208 780
101 931
909 815
797 505
72 681
277 436
849 45
934 627
896 701
120 1000
291 43
799 751
702 316
250 406
373 714
84 649
754 381
725 140
820 747
992 429
634 733
834 694
2 51
128 512
85 930
612 339
785 482
190 415
959 118
910 263
291 176
292 310
299 287
209 392
886 77
226 354
576 857
571 563
820 309
915 310
1000 436
679 424
274 3
330 923
411 313
922 481
339 802
277 308
381 295
865 155
104 800
12 677
694 232
797 604
869 94
336 259
244 23
298 797
843 347
990 912
200 17
134 275
283 770
22 682
144 28
833 92
752 373
34 543
716 606
999 768
639 968
976 544
660 230
538 520
199 482
997 576
104 736
570 126
987 145
244 964
352 657
415 762
156 26
88 369
346 639
943 540
705 657
939 498
200 748
662 886
782 256
826 982
175 292
24 824
496 250
98 770
684 838
541 880
118 378
92 671
65 804
210 304
60 682
741 943
500 168
737 91
730 235
744 605
34 962
56 269
642 181
731 352
380 362
329 980
288 97
698 429
908 110
505 194
181 666
520 832
862 462
919 801
243 393
430 518
567 317
471 108
735 526
812 903
822 591
524 489
136 820
115 310
567 187
92 144
700 793
289 414
276 472
3 474
426 277
522 103
62 994
280 297
145 825
652 750
481 715
469 868
546 349
839 336
182 728
92 27
812 375
376 923
733 811
437 536
699 833
971 155
442 147
338 973
52 239
864 340
985 788
720 67
677 445
786 817
826 573
902 55
919 561
901 197
405 118
800 917
923 20
621 177
15 74
92 229
781 104
416 685
804 14
465 903
235 599
178 16
630 275
524 194
24 160
918 508
868 466
890 6
958 113
823 712
555 966
752 109
364 472
134 601
318 697
451 537
665 809
608 767
8 605
300 554
512 231
434 77
241 941
373 75
466 336
410 639
467 624
797 564
544 268
507 934
386 274
154 832
586 193
584 747
334 341
261 237
994 252
901 303
628 805
999 894
65 349
87 435
769 450
5 769
977 402
874 892
987 428
600 309
886 210
349 685
646 324
283 877
700 919
370 470
730 736
339 712
433 337
484 722
449 310
761 820
932 465
560 213
787 760
513 322
49 369
654 47
118 435
609 134
480 875
856 397
899 596
503 765
860 737
884 123
515 519
198 260
362 431
189 621
348 764
678 374
342 697
575 323
408 236
991 451
372 966
853 450
34 694
258 10
39 381
441 224
115 884
272 488
633 481
25 364
20 997
555 368
183 761
549 988
738 420
281 531
287 582
232 676
573 767
10 500
215 258
762 120
867 170
212 849
572 506
609 239
6 585
681 780
869 367
417 233
29 114
182 224
64 235
763 752
516 881
140 890
114 292
765 138
887 155
137 486
911 593
103 99
888 940
9 413
827 793
410 201
251 688
204 113
960 27
635 945
712 101
469 32
199 903
73 754
829 129
397 853
958 272
250 589
654 121
28 69
8 44
710 937
334 736
31 85
962 618
275 257
682 504
166 252
505 980
189 100
534 960
448 658
37 283
581 772
341 732
575 676
623 219
543 407
45 154
382 359
853 335
510 283
43 416
555 332
405 582
875 306
343 919
74 853
381 772
861 373
993 766
691 283
633 872
475 768
12 819
411 349
219 404
904 895
14 560
882 383
342 428
164 265
420 428
98 435
327 931
676 715
142 904
373 715
191 622
219 318
213 204
87 906
179 705
183 402
818 422
126 262
878 713
976 209
559 91
63 784
862 557
504 49
983 809
173 941
700 635
929 783
198 484
68 112
300 639
431 157
109 427
788 472
917 15
264 556
503 774
895 128
138 813
211 892
220 516
14 558
604 599
365 148
12 961
852 851
189 337
639 643
426 300
783 909
933 952
852 325
711 506
476 668
432 348
345 662
690 948
1000 788
576 38
15 73
703 553
410 249
799 998
423 386
289 415
778 691
405 962
218 788
761 913
568 586
526 90
854 371
693 371
324 690
193 559
986 918
111 737
910 82
286 456
360 498
875 795
129 770
852 275
440 161
965 109
972 844
248 838
690 782
490 656
680 7
811 700
9 705
3 525
260 471
214 813
402 214
329 784
117 220
485 614
114 994
774 522
542 487
643 985
905 289
93 838
559 241
308 825
864 763
509 441
756 720
191 43
767 905
112 50
229 165
544 154
486 20
505 790
793 937
640 694
281 417
8 89
57 433
638 717
642 923
556 595
882 196
392 301
452 825
554 435
587 418
673 74
8 72
585 83
413 299
942 185
999 682
495 67
191 101
735 130
579 393
307 648
64 279
306 871
769 575
997 94
342 165
318 164
829 903
926 365
19 510
84 273
965 315
482 299
20 450
685 418
867 231
361 267
990 883
910 381
235 938
457 467
914 411
586 675
3 846
352 528
634 709
43 823
509 688
637 616
369 971
563 315
69 428
268 679
254 305
210 256
22 408
137 826
947 976
250 323
610 924
944 841
27 284
479 284
183 544
274 790
911 561
969 656
570 127
871 667
566 682
511 642
127 934
51 870
486 15
21 604
158 786
638 106
632 421
711 789
583 920
546 455
922 24
299 695
709 86
705 980
382 33
630 652
678 603
84 17
765 516
210 687
428 547
797 781
826 987
398 208
209 440
620 853
476 162
678 804
777 148
470 515
567 925
258 931
535 595
10 831
182 931
929 255
509 281
904 769
8 639
545 528
243 12
65 986
545 586
173 694
993 140
650 222
190 700
375 216
2 116
977 841
192 333
295 582
638 56
489 73
100 829
622 876
769 311
120 76
469 954
261 998
618 224
453 356
234 548
909 807
573 899
979 70
606 961
334 58
736 555
863 658
525 795
370 944
548 166
292 628
713 312
850 574
566 640
848 322
439 28
714 86
474 707
231 621
89 784
782 771
450 545
403 737
126 347
806 198
6 234
563 14
275 903
638 154
310 903
254 335
325 639
658 251
31 354
34 103
324 131
475 313
311 889
324 694
784 724
939 85
452 972
812 65
601 389
526 137
541 551
219 689
186 194
527 981
551 384
782 964
357 687
101 186
928 304
22 625
318 601
222 85
130 44
866 477
650 345
235 708
444 495
265 722
807 984
725 55
723 409
682 97
257 236
373 158
797 753
986 716
234 86
839 820
285 72
458 352
890 963
465 411
769 580
837 620
661 863
132 107
64 269
862 771
972 397
792 747
986 88
239 182
723 525
544 749
565 879
562 19
243 571
946 504
233 775
127 907
14 220
170 242
150 546
390 870
957 468
18 499
942 821
991 546
885 5
21 860
526 186
664 806
400 175
730 219
894 880
600 255
655 195
422 692
355 921
763 776
240 683
690 298
440 796
917 596
392 391
693 749
194 55
5 474
446 256
493 532
788 722
759 930
144 449
242 196
770 454
620 196
187 736
174 324
608 448
569 573
1000 648
983 183
474 571
459 723
552 389
653 152
373 137
765 200
341 91
374 58
214 136
80 66
883 961
392 410
873 505
431 865
624 22
157 872
561 911
235 146
18 67
507 962
688 323
212 579
830 35
612 756
760 7
911 63
280 501
735 908
844 111
358 355
797 854
647 92
84 759
727 183
230 972
412 214
751 168
339 245
800 360
709 454
827 430
266 708
674 363
794 240
181 974
178 728
288 769
389 251
414 977
641 31
939 867
858 851
793 653
657 295
551 257
693 305
785 400
997 396
386 69
909 139
372 466
994 433
65 486
3 232
227 98
998 145
323 210
130 621
248 34
802 617
609 794
635 448
853 741
353 266
859 83
131 766
434 874
193 439
754 466
982 713
283 990
107 332
77 568
481 928
173 557
45 731
427 136
29 36
846 111
420 220
911 334
763 457
785 182
729 572
235 384
957 226
247 360
775 951
222 64
403 553
579 424
681 48
25 535
975 504
818 832
634 703
571 779
648 429
400 328
249 247
302 881
185 860
11 430
386 789
581 649
955 313
97 396
968 753
164 723
359 237
296 859
872 32
543 722
550 418
321 931
487 891
917 545
579 686
34 735
364 80
90 554
422 865
758 46
211 643
291 209
963 90
615 831
998 385
547 883
606 156
794 687
996 9
524 439
858 99
525 656
744 959
100 655
222 358
67 246
941 723
446 501
740 374
200 241
805 529
735 348
571 222
325 505
299 500
2 599
24 868
650 924
235 591
58 212
17 978
727 332
571 26
672 446
756 938
547 221
462 254
222 982
526 813
831 980
838 387
455 935
975 904
305 575
104 69
711 319
373 404
68 659
212 568
267 183
953 942
535 314
948 808
664 270
506 860
358 978
223 170
628 783
976 973
993 389
774 942
820 267
463 855
94 485
45 495
546 841
80 610
405 563
189 544
652 148
10 831
178 949
681 350
85 946
309 605
161 421
639 506
839 630
434 475
478 571
494 106
853 88
592 989
385 889
43 417
881 203
672 111
233 163
36 867
326 752
432 700
579 129
518 622
271 768
744 304
584 605
141 323
408 25
253 637
502 705
12 283
582 307
778 965
989 373
71 586
172 214
776 164
868 559
344 250
835 850
400 335
531 851
976 344
362 44
344 914
960 612
219 647
850 695
248 442
584 260
957 218
984 168
590 601
139 623
833 857
718 171
336 331
436 625
497 509
558 799
307 550
922 632
258 746
439 244
549 701
387 134
429 869
433 969
570 83
247 121
662 67
989 644
826 349
739 659
486 389
685 785
710 7
968 505
312 189
516 548
366 506
668 997
746 797
457 540
694 181
189 713
32 476
598 982
338 490
871 692
383 192
750 585
51 361
864 713
637 565
436 851
811 839
82 20
416 594
883 485
790 151
397 208
730 103
181 848
805 179
766 815
753 814
970 829
866 445
587 348
595 524
967 322
515 991
597 163
416 428
158 985
950 433
259 207
982 873
370 928
392 196
719 704
81 818
323 501
432 399
516 475
458 643
147 258
104 131
257 441
963 145
87 957
929 352
339 19
933 164
132 436
349 604
434 188
989 443
394 494
154 961
295 783
819 734
393 353
558 977
962 91
954 138
291 684
6 718
861 587
72 258
894 698
51 290
831 883
959 383
340 675
389 731
869 428
931 457
453 432
14 78
162 559
48 623
965 101
233 785
69 439
185 394
413 673
221 421
246 305
33 543
831 14
592 595
853 688
975 376
224 859
79 720
818 311
718 387
182 804
289 360
149 31
803 565
607 990
813 564
991 132
933 369
17 870
514 619
14 36
40 347
468 596
722 677
702 503
464 221
256 511
589 351
437 787
969 61
394 806
568 494
306 116
465 544
645 756
985 914
870 480
599 756
925 944
865 694
25 740
735 240
380 889
896 356
416 432
314 621
879 671
412 729
390 453
702 805
223 480
371 642
743 661
137 411
79 787
396 945
811 667
12 937
287 92
23 488
741 357
502 594
218 468
122 211
204 900
262 137
195 283
152 84
698 545
998 341
531 436
890 16
311 284
283 615
12 951
855 689
249 256
91 547
677 168
773 875
701 646
653 354
59 949
911 327
579 404
481 526
722 530
383 465
613 65
254 262
583 400
797 818
25 509
890 547
105 863
548 262
756 47
542 728
478 147
588 672
995 330
428 653
949 102
640 820
919 193
616 775
811 187
675 491
875 984
465 899
688 677
643 868
106 949
927 393
880 749
859 952
154 579
855 20
971 869
270 680
686 307
361 210
746 277
409 500
534 661
892 608
408 610
522 352
520 988
925 380
1000 727
976 726
698 772
400 493
553 1000
102 892
516 808
680 263
815 956
143 943
572 940
973 702
436 468
101 456
957 609
94 744
778 748
623 655
178 742
947 342
129 159
192 235
174 520
10 381
520 381
893 770
630 472
99 323
820 440
687 461
936 245
280 658
1 612
613 731
47 484
406 459
98 664
523 783
578 896
456 322
124 255
247 504
182 193
580 495
939 27
790 810
344 683
158 62
319 634
551 32
618 688
191 686
913 199
968 407
53 619
354 982
854 794
574 154
642 414
804 846
181 896
460 378
972 193
353 202
658 102
751 584
903 639
117 317
590 695
662 367
528 48
871 694
39 872
923 633
848 335
599 597
761 535
323 876
716 43
321 786
404 854
191 416
595 82
269 204
25 146
304 215
149 60
465 872
401 938
562 310
525 703
452 905
475 254
933 881
720 103
339 362
126 310
932 974
583 316
526 387
748 408
240 746
108 564
290 634
485 32
214 35
478 43
80 278
622 900
837 443
687 51
91 338
887 598
919 717
766 374
842 11
899 770
581 810
152 819
404 621
339 649
936 607
282 641
112 391
786 15
113 800
229 334
853 734
87 878
786 594
597 979
194 620
367 746
878 325
225 761
806 8
512 355
494 281
780 805
204 696
275 22
400 967
215 403
52 80
479 656
24 649
686 637
3 210
775 599
60 568
560 32
598 407
592 403
960 77
215 730
906 180
678 564
181 749
14 468
19 180
626 344
684 9
8 188
665 387
598 318
612 300
657 10
696 544
459 934
170 118
71 596
378 284
751 905
159 331
745 519
931 241
400 1
699 352
794 255
920 950
391 478
886 785
550 977
848 923
631 900
954 30
369 461
443 619
146 514
782 445
10 114
680 402
738 133
386 743
99 95
708 890
457 278
428 104
942 61
72 832
270 352
314 589
845 123
27 798
662 220
784 612
670 838
208 198
919 369
798 888
467 305
657 743
686 759
323 575
356 940
86 465
552 663
285 967
634 921
66 745
800 217
14 325
64 489
232 412
329 437
981 459
182 562
173 657
189 380
978 693
45 357
479 203
723 214
523 234
695 566
302 179
826 822
182 570
15 217
100 201
232 663
956 369
162 285
356 25
805 697
735 792
715 908
654 430
186 576
997 221
162 827
852 145
50 665
735 710
669 540
11 153
394 563
531 88
377 535
506 897
535 451
443 387
132 553
729 505
623 432
241 272
364 14
897 810
103 63
478 247
742 149
421 870
802 704
136 56
942 368
215 275
8 795
517 713
432 614
448 852
16 426
667 901
578 537
181 272
581 353
949 95
538 790
706 19
154 956
740 229
645 34
168 347
857 817
889 232
249 948
375 835
274 451
601 667
868 735
646 58
592 232
172 374
233 770
296 524
371 856
77 423
898 767
964 788
172 607
336 203
737 100
282 823
186 498
309 596
381 803
255 708
664 298
377 30
649 958
825 708
33 698
747 965
649 574
559 94
821 491
128 910
484 871
726 953
94 292
666 389
165 232
955 170
49 824
865 579
382 955
176 491
934 311
943 748
863 889
758 698
435 491
120 995
424 794
395 102
107 902
112 155
739 749
993 945
80 526
492 489
228 860
651 476
905 773
981 142
778 424
407 854
332 339
710 664
738 105
269 52
793 319
524 127
770 38
553 754
79 129
938 156
68 223
643 780
31 485
956 954
936 553
321 44
926 717
850 900
906 61
437 820
818 37
230 349
910 771
526 407
28 839
142 60
151 397
342 600
770 83
651 378
609 349
575 421
782 79
645 195
591 119
699 957
158 290
519 17
167 7
601 752
972 933
446 945
558 395
984 786
960 462
134 619
963 811
601 363
150 634
531 177
863 722
902 313
229 238
670 639
129 52
543 731
54 490
704 156
443 24
270 340
34 395
281 268
438 59
181 841
394 993
61 494
469 763
270 575
698 555
434 328
177 303
891 919
844 429
673 309
379 323
943 887
389 141
998 2
157 569
273 355
318 802
983 924
694 309
576 290
413 698
533 6
485 871
163 661
674 32
999 122
35 870
277 542
634 675
39 617
236 310
198 877
572 856
564 136
706 113
59 211
799 448
528 506
44 654
862 105
462 827
955 69
728 378
715 505
880 252
951 838
207 966
442 456
631 440
702 627
963 367
330 476
551 824
613 420
438 241
15 317
584 252
246 532
394 845
928 913
652 123
280 336
191 211
832 789
240 604
97 850
718 772
922 751
201 860
233 930
952 199
429 958
88 800
764 724
201 128
445 846
452 660
174 751
693 912
902 498
365 323
712 619
708 435
765 658
512 135
932 672
163 76
20 816
979 692
333 186
314 495
10 191
162 827
523 570
318 191
392 947
89 346
371 872
905 137
30 241
238 34
175 126
71 682
58 683
316 341
563 271
870 538
588 248
789 548
282 614
292 571
139 186
695 104
135 266
402 524
834 962
838 587
26 498
713 459
974 928
688 356
290 99
556 59
845 486
693 842
339 432
587 633
489 270
697 785
254 185
837 223
862 815
484 3
220 653
674 555
992 469
132 428
825 401
436 620
6 266
61 588
774 372
654 677
23 883
606 224
708 816
743 573
870 322
39 695
149 904
927 236
41 75
798 357
679 660
129 177
994 208
392 932
352 596
138 105
637 147
352 419
923 498
414 388
843 82
318 363
318 494
388 311
106 531
256 268
31 497
571 231
238 200
540 361
264 630
709 719
850 124
22 113
990 547
318 927
501 875
404 452
78 421
348 314
434 124
466 421
293 611
701 925
441 746
842 4
437 515
513 604
981 906
12 745
765 807
567 746
916 89
111 626
568 992
416 334
892 268
490 21
597 8
60 479
694 429
482 70
114 564
966 184
783 805
753 799
654 584
930 385
416 163
298 232
127 140
417 597
902 426
385 620
924 793
695 717
913 758
160 317
709 981
664 618
840 172
646 261
97 414
587 945
123 499
837 992
903 698
301 757
563 848
994 762
668 942
644 711
756 773
279 790
669 220
69 522
194 303
767 854
479 438
103 750
249 228
4 815
216 833
867 172
85 231
810 240
29 524
507 892
679 775
347 839
935 299
33 25
9 295
388 353
111 123
668 404
843 896
606 373
616 525
719 312
313 967
217 953
730 228
776 640
150 43
376 635
81 96
214 72
990 483
500 150
97 722
969 132
831 473
682 241
618 358
708 478
286 229
45 695
425 25
622 625
415 310
561 833
496 428
791 529
744 757
212 571
797 858
650 433
962 180
360 658
944 778
633 304
215 837
1 76
9 111
290 927
69 723
87 716
787 530
778 521
187 58
591 846
647 871
830 790
894 788
408 664
195 273
906 330
363 988
510 62
648 860
865 301
731 219
858 921
859 897
71 979
363 813
750 590
21 818
983 929
958 420
830 643
584 383
947 227
99 700
301 257
385 208
885 612
18 459
215 157
635 599
593 591
37 428
882 511
512 731
397 853
573 612
530 19
82 783
483 8
394 166
927 79
213 676
620 802
207 103
302 46
399 884
202 785
26 400
219 224
450 483
837 289
749 39
864 383
146 485
83 503
17 190
647 526
1 999
806 238
370 304
137 781
481 533
354 856
324 984
134 677
25 708
741 980
395 803
189 313
160 297
378 305
828 455
320 933
815 26
67 643
414 629
357 374
589 113
746 466
144 857
194 591
50 785
949 492
114 787
961 50
598 179
597 351
378 411
281 2
778 845
580 472
945 838
651 305
570 530
198 132
347 571
930 664
702 566
586 341
608 49
845 37
376 259
566 250
719 422
653 225
17 768
207 250
889 106
294 105
224 113
720 237
719 19
238 108
206 699
777 829
920 11
546 496
803 369
721 511
198 766
644 250
869 265
360 924
299 757
122 341
160 768
708 417
797 818
871 104
708 344
291 46
672 310
208 157
697 488
893 154
616 101
173 699
367 481
5 82
463 85
856 196
762 73
500 592
994 766
803 573
216 956
351 44
138 737
136 669
447 297
416 949
732 185
864 796
863 876
910 687
545 138
954 817
363 960
574 366
797 993
742 286
213 699
959 65
372 925
789 565
869 810
942 706
814 148
517 328
48 709
403 364
182 168
540 378
609 589
272 586
274 632
641 239
288 688
167 531
432 715
396 689
16 752
109 693
171 25
127 11
967 148
524 635
681 515
138 612
710 738
191 728
20 822
295 911
856 124
495 149
322 514
988 292
524 657
611 28
980 223
73 764
425 353
310 419
763 925
43 436
479 846
547 430
829 875
970 326
593 619
694 907
61 501
688 22
939 122
570 179
857 476
893 491
568 337
347 800
349 246
939 109
265 193
591 120
985 75
92 145
230 503
264 906
273 3
374 394
720 94
933 993
157 205
100 587
475 428
503 560
71 708
972 490
960 676
19 862
486 469
364 241
618 819
671 530
532 213
106 699
973 152
41 896
87 929
695 672
644 336
219 851
616 117
784 134
377 629
465 883
748 198
821 920
757 886
632 651
414 618
30 122
949 847
284 593
674 987
486 272
374 318
738 460
433 514
799 518
598 968
171 255
807 398
738 260
248 780
579 967
950 105
75 806
156 476
825 195
487 727
281 563
463 707
984 422
913 917
149 323
19 45
372 73
435 603
3 718
771 926
823 144
468 672
123 20
359 391
755 409
839 365
911 63
824 42
836 249
772 134
3 56
972 990
890 299
687 383
448 806
19 782
140 877
290 901
221 874
15 213
234 446
77 877
24 124
743 507
793 840
249 717
404 865
53 326
733 894
122 1
940 373
64 33
143 205
34 130
972 373
533 662
747 100
904 240
598 155
909 387
801 357
130 197
513 702
399 642
1 423
278 834
885 269
782 878
45 449
577 548
266 856
338 164
809 780
528 884
384 125
341 272
779 958
715 147
202 589
568 493
474 115
866 780
755 923
801 674
742 764
412 153
846 235
882 742
553 886
407 932
541 480
530 301
999 634
290 846
810 720
765 803
315 28
672 354
787 656
217 808
345 820
272 715
767 583
937 439
162 242
216 80
2 42
150 985
773 141
821 486
624 100
834 790
669 398
791 939
235 671
485 927
464 732
328 654
85 59
656 371
103 744
344 253
551 381
43 953
342 379
385 338
760 494
808 37
40 604
31 184
74 835
881 492
668 523
697 465
581 397
302 634
254 598
906 997
173 417
499 41
925 667
869 827
816 150
749 123
575 725
657 857
880 555
790 509
747 909
963 735
194 474
713 924
919 859
856 333
421 475
107 702
410 480
764 664
150 21
878 163
460 988
593 466
204 601
141 909
761 257
870 963
618 692
686 483
561 517
139 908
759 908
392 781
453 711
397 691
155 100
599 548
723 279
706 6
176 629
662 144
905 527
33 942
454 490
520 700
941 994
320 897
20 811
569 482
350 756
677 675
325 330
702 174
943 384
542 112
553 980
403 606
172 851
258 887
862 222
514 227
210 224
979 278
25 695
938 373
954 307
7 368
483 517
705 787
475 307
510 534
307 417
767 937
313 386
225 348
471 432
6 873
194 169
298 848
146 512
175 278
743 9
340 712
28 879
2 727
14 136
13 778
916 273
848 687
16 868
565 661
549 496
556 659
229 644
494 745
899 336
242 837
988 970
17 308
247 53
905 767
649 738
831 817
151 247
467 723
921 673
984 44
990 459
661 271
579 845
636 941
649 381
544 141
446 488
478 618
905 853
634 209
237 708
504 645
500 108
125 976
907 540
258 465
470 579
670 175
246 225
548 112
484 239
36 99
586 570
677 444
299 927
643 513
643 38
508 904
546 778
104 424
587 58
263 264
373 827
181 500
335 826
715 638
807 982
953 435
538 734
6 454
357 322
616 359
614 243
237 830
981 206
182 828
273 832
511 563
174 108
424 632
930 636
397 845
582 254
159 9
11 608
952 659
45 10
443 93
140 538
898 470
211 810
770 517
585 173
767 759
583 609
397 877
638 51
48 506
303 139
101 717
672 952
472 393
477 511
803 652
127 888
837 614
761 71
699 779
957 536
635 607
327 524
677 224
876 570
748 202
980 799
289 357
895 747
505 49
110 996
96 536
927 863
934 218
834 43
346 486
366 402
11 32
552 644
537 790
19 339
2 407
297 285
621 655
684 616
274 896
225 830
272 232
590 14
298 447
356 732
926 392
789 653
958 997
750 562
61 863
608 202
476 278
96 327
840 190
316 884
515 308
854 658
585 178
984 93
517 781
852 663
197 622
104 923
440 463
864 158
817 42
163 486
209 265
676 111
965 297
100 252
288 459
548 987
413 933
852 520
450 122
146 982
503 668
508 940
408 608
624 355
616 315
266 502
103 467
948 58
855 987
563 449
627 974
482 346
593 377
754 291
807 285
2 554
538 358
409 636
452 460
888 460
948 720
692 431
668 734
420 807
882 534
877 594
87 819
596 562
86 481
718 743
246 648
856 824
292 643
507 974
102 38
638 270
6 932
584 313
856 828
977 387
48 238
212 78
381 359
332 771
795 2
971 140
135 499
519 442
535 922
313 635
269 401
605 624
303 911
335 710
750 369
786 800
688 183
728 410
564 186
559 474
949 737
934 365
80 303
666 767
360 570
364 320
186 352
116 463
565 175
914 673
158 572
650 296
648 440
397 700
212 957
861 734
253 906
576 806
646 343
56 163
116 600
228 429
465 564
618 987
592 813
57 161
98 215
678 535
520 340
872 451
296 377
290 782
889 281
130 716
835 953
280 324
847 168
470 87
218 787
443 723
837 458
899 427
804 515
300 178
891 744
262 271
246 18
375 725
87 380
531 276
145 738
813 111
933 947
150 200
844 77
837 293
119 124
518 894
331 469
934 463
496 16
818 660
58 749
877 208
650 986
640 327
378 252
674 488
456 287
897 460
266 678
126 642
135 428
748 190
852 10
209 862
431 492
980 233
716 129
914 866
849 507
373 771
895 899
587 494
495 328
608 59
704 198
54 288
457 821
507 801
770 425
281 827
438 305
349 349
532 399
365 28
231 497
937 702
990 294
669 255
476 362
765 281
476 520
670 647
730 861
755 909
415 106
418 21
29 980
911 254
143 313
625 346
164 848
926 884
351 498
994 382
349 282
643 135
749 441
20 154
660 198
54 340
867 627
663 957
482 731
654 682
597 902
102 360
972 899
91 315
854 351
641 779
232 715
703 323
223 839
439 491
540 883
855 22
396 89
310 692
54 720
456 256
604 934
573 863
116 705
503 340
621 3
532 689
691 539
228 927
377 277
592 762
214 592
264 717
400 119
206 348
76 824
129 901
188 376
868 537
502 819
50 585
200 126
245 244
523 320
261 962
826 119
30 406
600 184
281 822
390 783
552 717
19 313
939 615
316 625
338 428
422 730
162 238
647 729
347 573
485 742
637 576
750 742
513 624
915 549
122 551
632 67
518 237
145 822
481 494
857 558
937 23
520 315
587 916
661 897
885 370
846 463
151 696
959 106
567 850
197 144
126 987
408 360
200 416
928 168
934 729
72 522
819 985
966 158
448 859
278 14
840 703
174 360
971 376
69 98
275 853
405 559
175 992
904 983
810 548
667 640
977 467
736 438
316 448
72 119
442 615
67 129
259 627
289 934
624 773
615 63
133 396
785 987
338 331
360 86
753 929
379 188
352 583
475 181
504 196
79 403
363 389
542 200
355 496
152 681
913 472
647 367
518 856
736 138
260 54
691 249
688 954
734 297
218 2
350 649
457 650
898 385
68 546
882 882
853 285
726 204
690 107
452 476
175 634
251 563
785 398
977 909
681 667
61 840
199 807
489 849
195 247
550 362
299 490
449 525
658 905
6 888
866 685
319 289
190 97
887 955
551 235
694 265
11 962
424 285
480 769
237 561
835 438
344 297
171 708
94 219
880 79
895 129
116 421
841 408
106 845
264 279
580 416
624 368
438 382
91 634
983 770
532 925
546 887
577 100
506 943
258 319
595 593
699 328
942 730
251 67
965 804
353 36
829 1000
371 842
416 428
586 600
649 579
425 464
833 446
964 70
81 165
18 930
450 619
286 911
883 630
576 669
218 615
174 572
594 714
302 520
31 346
795 909
621 131
860 846
940 331
801 576
336 841
203 885
715 457
671 374
709 604
332 534
26 587
581 116
744 57
229 948
278 606
483 302
219 810
9 269
475 497
765 136
656 835
808 334
721 525
191 497
597 100
710 717
927 399
256 566
791 342
420 778
164 766
309 638
591 487
822 214
697 829
622 425
983 818
395 630
172 557
471 113
528 724
170 209
334 329
169 717
838 774
116 685
309 748
23 884
243 640
216 326
350 968
449 459
157 622
101 737
655 677
889 273
191 996
552 274
564 193
375 847
883 745
547 144
918 615
16 759
522 547
657 883
621 697
449 674
543 899
631 162
807 873
870 416
912 436
595 876
997 12
317 671
722 781
132 544
507 50
884 412
944 858
581 764
382 14
611 97
417 281
607 398
553 654
556 829
542 11
353 97
918 61
273 137
701 407
498 409
480 486
63 263
148 267
875 224
522 59
119 452
802 284
546 619
505 79
612 66
386 81
78 153
943 504
106 155
983 187
326 187
289 410
920 700
952 377
764 224
795 918
274 238
852 891
569 1000
276 428
636 269
213 921
691 919
83 563
755 579
147 866
996 216
995 668
887 87
858 869
173 937
390 710
549 139
807 281
930 603
180 994
168 479
208 523
554 61
280 622
188 687
984 549
687 502
470 49
226 246
976 183
971 439
636 852
905 54
743 27
684 735
398 455
689 766
226 163
614 821
564 665
933 1
317 563
953 605
821 981
164 119
37 373
737 626
843 276
877 481
656 689
255 678
548 638
270 901
216 682
614 642
94 410
947 123
540 517
747 876
88 143
256 419
696 189
818 990
40 989
812 80
794 690
77 567
136 301
28 201
576 621
445 770
934 854
70 457
468 776
887 549
988 228
470 716
407 850
851 349
107 761
150 276
330 427
267 833
325 849
873 421
753 655
556 462
671 938
259 55
343 887
299 715
291 46
514 338
97 243
417 655
788 155
978 492
271 241
627 630
954 769
149 58
470 308
264 545
509 66
740 531
925 539
254 802
698 913
881 801
709 597
971 23
495 991
380 992
224 425
124 179
83 379
83 551
493 594
435 528
551 47
44 759
423 164
880 208
575 182
504 518
99 539
105 458
591 63
1000 773
311 178
37 859
269 349
535 973
400 231
8 946
554 347
695 933
88 838
318 499
560 834
964 721
381 133
846 680
420 25
720 477
150 985
845 983
793 178
496 503
565 941
799 466
685 550
697 243
655 776
821 425
121 998
114 978
797 411
88 269
239 133
928 705
387 318
865 236
565 696
956 560
163 229
888 332
24 88
250 407
134 77
841 35
616 42
220 364
920 393
556 456
889 436
318 491
783 112
605 908
565 117
65 872
922 198
195 202
134 874
936 676
390 589
845 809
903 151
570 938
651 798
221 405
707 586
770 244
192 965
89 193
126 422
568 505
71 928
999 977
442 372
868 896
978 197
733 471
745 343
589 208
936 106
969 131
978 274
788 420
247 553
242 928
83 1
847 133
631 720
122 840
436 110
258 610
446 252
178 483
441 716
493 179
130 975
498 696
468 733
408 902
829 582
726 144
243 425
511 253
448 223
131 597
666 531
13 801
663 967
569 903
730 552
395 490
221 793
847 680
180 257
594 265
276 19
837 732
154 668
9 941
218 487
321 416
975 454
76 648
73 745
721 868
499 687
345 615
718 616
960 83
765 408
818 564
683 694
752 290
482 129
424 369
416 182
722 570
58 151
296 332
921 980
305 170
378 413
908 570
885 254
970 747
875 563
30 461
510 510
122 584
271 584
769 253
803 860
848 16
368 773
284 856
847 394
55 469
880 259
22 217
492 879
882 537
645 790
807 913
821 388
881 304
919 768
443 740
59 756
988 219
145 228
491 708
898 321
415 103
173 8
437 978
403 16
162 936
25 912
502 470
377 297
796 216
253 787
347 793
492 831
513 172
767 399
340 84
442 374
162 416
502 62
248 939
302 920
34 118
193 398
302 602
222 446
382 659
630 672
865 608
943 899
748 346
949 160
748 187
606 334
680 215
43 245
420 309
326 434
212 728
434 747
390 561
906 153
221 967
726 340
608 247
45 992
573 485
636 181
121 406
846 658
600 613
344 884
473 284
219 250
14 157
765 775
833 417
382 610
411 307
819 131
438 703
275 419
836 127
986 866
447 649
530 588
529 407
235 587
988 493
356 781
288 908
907 667
507 827
39 21
615 26
722 18
145 318
511 671
984 77
652 353
996 94
394 584
808 167
880 546
428 710
420 777
626 857
992 793
754 102
347 158
157 640
936 817
453 183
319 946
302 69
38 922
846 278
385 78
316 439
294 501
342 446
503 585
48 553
989 362
373 297
510 986
179 594
611 176
706 346
343 370
260 626
164 351
212 905
593 579
442 531
322 148
1000 893
183 252
969 635
107 993
150 97
110 335
378 535
576 575
621 718
116 848
134 528
31 384
925 533
239 212
745 30
354 220
978 845
143 222
645 738
925 326
51 930
809 853
375 932
461 549
293 789
863 592
293 802
15 898
133 612
517 828
170 92
160 230
781 457
746 929
332 947
873 589
728 868
394 643
256 440
175 139
219 656
225 412
664 746
77 630
774 218
213 839
852 135
260 112
278 716
451 186
148 773
493 811
525 336
237 604
801 105
737 502
581 409
355 27
619 325
946 412
217 98
582 443
172 328
177 402
432 954
42 906
278 117
597 909
236 778
774 225
190 427
452 642
554 701
3 481
144 679
564 422
769 917
144 858
491 249
322 48
298 924
262 891
338 951
385 23
153 125
176 692
190 107
819 845
994 642
929 444
58 862
220 274
758 94
385 856
792 253
695 26
510 37
1 768
502 141
406 231
793 577
972 997
286 883
820 922
263 495
610 269
972 897
823 980
686 213
138 461
349 32
471 425
301 852
964 834
681 126
312 666
57 492
163 123
550 278
742 380
701 436
570 903
502 37
564 735
788 282
736 729
720 484
423 340
231 337
348 770
714 936
741 966
158 800
760 83
613 122
7 717
854 589
272 468
336 222
417 649
359 35
459 435
898 797
328 574
2 494
410 629
821 651
78 762
264 314
25 29
385 462
119 328
108 858
898 465
292 469
522 337
594 252
475 379
516 560
49 513
701 99
148 457
787 312
367 722
95 428
7 296
885 728
144 297
380 530
285 201
457 40
303 118
213 580
187 142
616 52
117 250
683 868
296 933
824 890
30 57
132 946
147 428
89 286
474 259
77 530
290 39
152 568
982 936
131 329
281 429
76 186
994 728
179 450
491 453
804 41
937 112
19 332
498 517
465 277
33 755
213 361
772 991
527 525
845 994
270 23
646 195
1 104
216 648
51 330
10 531
596 122
859 493
210 532
182 546
816 259
665 755
394 100
903 290
781 785
879 454
987 234
567 421
523 855
843 602
374 313
141 911
898 410
659 789
741 152
390 499
135 363
484 410
604 260
6 22
866 826
682 654
375 822
497 595
456 669
482 177
250 152
267 520
185 544
220 150
181 698
578 143
647 129
896 955
134 211
174 443
790 420
901 613
679 741
187 474
751 961
450 699
729 660
497 20
12 378
517 969
182 521
273 90
45 959
667 256
717 550
20 390
555 894
701 471
459 612
60 998
147 388
470 693
636 318
518 243
234 365
58 715
155 939
90 184
48 615
351 632
130 376
519 984
194 2
806 519
120 155
705 950
378 334
202 862
677 855
633 839
13 771
968 452
607 133
48 314
968 178
923 976
440 732
586 402
21 533
464 110
416 623
685 653
516 459
607 169
14 664
301 785
281 496
235 527
398 834
929 997
717 639
512 915
242 722
33 443
518 913
915 984
969 979
233 397
163 589
547 713
911 99
219 207
589 713
338 259
301 256
832 36
666 630
297 62
380 296
54 431
165 789
970 610
935 484
760 684
76 979
880 29
900 121
691 561
406 413
851 720
657 327
469 574
326 979
886 928
323 483
638 828
297 848
869 721
427 255
586 660
609 582
747 636
418 896
421 303
160 577
195 777
155 326
810 448
748 398
825 37
709 225
404 828
494 700
236 562
231 736
79 971
503 620
541 979
693 322
773 837
568 371
120 526
68 60
218 794
389 873
527 905
912 526
316 758
173 12
515 119
861 244
839 779
391 921
671 361
334 53
277 683
78 278
406 749
126 704
672 883
43 886
735 464
90 159
164 922
349 870
450 261
560 821
796 431
356 96
643 569
850 524
477 838
194 155
497 763
301 649
515 3
10 591
120 352
432 458
812 591
647 113
512 934
615 751
860 9
213 365
980 240
883 528
725 657
752 80
977 466
855 656
721 577
962 368
861 664
391 99
894 361
14 218
148 799
876 154
151 522
599 452
938 550
630 173
479 596
681 39
487 668
763 213
345 98
19 173
539 576
248 747
920 114
421 370
772 62
289 939
273 422
59 505
54 366
609 635
598 562
408 636
835 509
102 77
422 837
990 12
409 94
440 749
253 41
700 513
527 153
714 167
191 136
733 806
711 705
749 55
349 484
192 825
494 671
421 220
235 523
22 651
717 155
27 587
785 677
489 740
871 543
703 235
691 35
347 563
292 202
17 325
821 841
668 253
782 946
393 776
977 128
735 355
607 545
718 890
720 555
484 123
626 387
8 235
78 948
667 202
904 457
704 938
380 687
767 331
176 265
730 832
402 8
802 203
244 434
920 233
101 626
952 713
830 962
463 36
154 216
938 409
953 681
629 759
891 200
87 412
156 343
730 980
800 437
546 19
890 147
801 507
455 111
113 753
92 492
782 484
671 174
166 959
765 167
349 309
719 189
258 941
906 590
330 663
43 507
14 69
975 39
882 269
995 923
49 640
686 188
476 193
292 488
829 393
207 744
836 880
681 291
426 218
515 578
76 109
42 503
165 1000
175 470
81 911
938 25
144 6
73 107
139 516
366 458
272 179
776 116
495 762
79 369
641 170
496 715
957 125
718 369
962 699
762 560
953 781
29 456
512 437
483 561
234 46
589 881
917 828
292 52
741 825
833 308
883 533
676 873
519 631
829 710
3 859
425 54
622 873
484 424
189 741
792 709
631 781
576 560
103 763
733 382
980 276
483 805
750 248
497 719
461 551
873 845
350 670
741 483
147 58
732 585
80 17
124 196
294 970
862 506
281 944
771 447
161 86
488 705
632 445
141 973
719 245
112 676
612 465
158 197
779 640
959 277
253 176
675 991
490 989
511 263
524 727
403 993
198 723
847 901
848 629
136 463
253 316
259 151
661 743
863 591
593 763
571 389
307 401
303 667
458 967
761 165
541 61
990 14
997 349
348 171
988 904
978 683
626 775
923 229
79 800
132 266
89 91
275 412
937 882
985 406
484 291
131 362
664 889
469 43
903 579
131 81
773 290
53 407
509 60
25 188
651 385
650 660
41 681
477 923
636 796
864 853
547 5
614 95
846 889
91 183
34 643
98 892
538 568
338 886
466 341
851 550
449 31
332 714
367 339
549 898
288 34
941 698
341 691
397 147
787 800
967 729
396 734
559 965
816 969
150 622
239 790
506 994
256 55
228 115
847 563
399 913
589 913
635 682
307 399
824 361
719 812
868 297
395 854
441 881
686 739
649 400
307 712
400 754
9 810
212 273
825 95
106 163
854 606
157 874
359 340
938 237
207 801
730 207
933 525
421 202
769 234
579 916
783 488
84 557
821 358
26 639
158 287
451 354
193 997
129 394
688 86
265 459
402 862
354 953
406 233
73 508
202 978
2 594
607 2
929 728
152 774
797 576
626 244
1 825
277 55
978 881
294 968
879 727
887 239
97 514
690 293
707 879
657 927
11 101
69 901
487 615
825 628
492 208
390 424
273 397
271 101
131 189
309 53
913 179
304 344
823 721
496 9
31 839
160 997
735 77
416 343
925 593
203 728
175 113
811 680
129 703
323 348
577 828
350 612
704 679
185 678
103 691
474 695
188 425
391 599
734 890
761 331
860 139
633 886
401 222
627 772
304 253
911 99
569 929
306 151
325 629
730 489
250 933
692 759
661 520
902 793
889 625
238 252
654 293
448 603
904 362
552 787
174 707
730 38
616 335
28 498
804 964
994 539
57 613
893 16
330 308
225 225
615 535
435 921
543 441
563 582
458 720
33 400
886 285
264 91
851 338
229 591
939 279
507 377
123 613
760 587
646 142
702 807
994 395
742 768
269 56
41 130
726 576
887 754
767 984
766 148
695 318
672 40
498 50
505 751
499 995
655 626
573 187
452 597
185 63
701 366
561 228
903 605
992 865
654 834
480 443
84 586
192 438
53 119
624 543
573 324
933 619
23 983
658 140
421 556
4 744
5 401
129 45
962 621
153 107
361 650
442 269
823 64
50 312
239 272
324 285
94 766
449 981
50 454
960 386
603 343
166 551
894 875
545 924
679 259
484 243
679 423
482 804
755 333
53 107
701 420
660 886
941 608
737 467
162 69
858 89
864 760
384 515
641 674
116 949
98 764
587 992
529 61
198 746
405 574
623 644
694 95
639 34
560 671
869 583
266 767
374 743
499 243
482 382
313 492
373 726
400 820
353 167
793 715
155 134
206 440
857 596
541 572
805 745
865 268
3 592
440 808
55 275
404 792
474 957
384 852
959 116
344 770
179 18
333 990
649 526
879 633
179 281
898 276
558 57
998 475
280 811
663 100
364 688
293 396
525 750
851 111
203 333
334 901
435 132
534 405
131 791
973 850
459 442
857 525
787 638
75 480
144 601
779 956
828 109
977 867
332 104
111 676
651 5
476 184
122 49
215 723
517 695
570 884
351 676
912 4
576 847
151 873
641 881
707 627
21 5
675 954
535 599
386 661
951 870
596 891
241 934
398 687
569 375
826 923
414 666
680 733
372 531
557 549
254 150
346 777
364 192
465 78
625 633
825 68
995 876
525 71
500 244
555 706
656 782
774 226
394 346
866 914
48 937
55 297
393 170
607 774
526 768
76 462
646 289
149 171
502 188
3 245
240 959
243 207
633 756
543 142
825 652
778 978
207 429
396 77
366 607
137 560
122 921
331 786
863 97
69 329
588 933
874 845
261 360
411 740
508 384
133 562
91 755
414 337
778 776
255 408
906 51
722 960
734 888
378 851
638 848
447 786
542 1
499 5
640 59
420 31
761 771
334 704
86 308
712 261
374 346
77 626
986 729
448 777
217 41
152 793
449 766
15 318
271 29
251 374
192 707
911 916
770 949
40 295
16 587
406 90
105 814
804 77
627 279
355 469
98 134
322 874
545 994
456 126
7 670
628 585
479 745
83 873
117 594
235 459
795 830
310 194
15 454
913 48
946 311
709 218
184 644
557 97
593 321
152 910
1000 952
983 405
784 780
931 35
30 656
188 500
547 240
701 540
466 136
931 193
456 109
791 609
641 491
172 687
722 577
479 964
193 181
430 256
287 155
430 767
8 916
860 456
543 761
325 5
245 797
44 935
637 657
485 313
886 472
777 604
992 500
497 440
356 11
209 595
690 298
626 948
295 49
382 430
181 971
201 17
887 141
495 288
201 170
511 397
25 156
468 715
222 517
203 873
372 416
787 551
994 601
762 899
637 337
429 984
34 652
918 673
631 182
686 308
950 824
327 892
108 637
11 595
558 750
111 176
369 845
543 610
918 39
459 150
432 785
716 524
562 92
513 495
990 487
96 868
34 107
573 383
894 661
50 549
158 917
596 267
475 421
998 864
918 525
256 727
670 891
73 599
848 549
971 850
109 999
1 567
351 848
259 150
245 234
476 114
412 256
368 255
127 732
23 704
193 997
952 67
365 792
690 173
30 154
781 784
261 684
290 349
883 837
169 312
43 842
142 592
415 683
363 905
616 522
526 902
609 753
169 828
171 406
678 490
994 926
897 445
746 394
437 316
758 25
666 366
525 374
241 507
550 290
236 91
101 563
69 674
297 679
364 419
694 951
284 23
509 714
999 568
400 978
177 185
443 138
517 664
396 972
811 458
395 57
729 735
808 429
723 687
162 834
733 674
782 70
529 573
217 303
735 267
19 419
214 174
205 856
976 333
950 400
854 707
532 184
750 645
504 626
468 320
633 537
674 247
237 854
76 870
316 11
230 467
424 31
722 344
875 721
94 836
411 581
923 1
619 697
653 815
970 933
415 225
412 492
823 1
575 932
531 324
155 220
963 534
368 649
839 274
789 703
218 172
238 988
625 767
819 88
764 147
567 155
573 713
688 692
320 607
121 649
474 540
159 893
208 281
50 662
119 239
41 804
884 181
444 126
670 391
984 331
955 232
833 948
321 781
584 948
351 778
943 342
273 600
2 832
832 930
182 157
18 650
368 897
960 186
85 630
133 516
606 62
297 789
276 565
381 100
68 683
508 902
346 631
675 528
288 64
70 830
582 771
377 965
698 579
788 900
789 62
1000 327
565 902
125 767
564 589
751 752
27 296
76 805
564 860
713 157
595 757
460 110
897 96
92 683
563 183
564 442
296 87
472 498
781 229
501 267
867 385
19 112
407 567
779 191
193 110
3 630
193 358
670 54
524 809
909 502
989 353
224 23
426 801
303 770
522 914
139 279
121 935
595 936
494 82
356 643
818 373
633 10
955 501
133 958
614 437
712 143
206 76
300 577
155 856
425 369
137 96
557 727
774 29
617 484
48 492
351 646
174 306
685 569
814 537
180 944
683 964
523 784
917 464
294 74
366 497
867 637
530 366
852 372
645 116
136 445
559 388
927 467
777 668
717 860
938 1000
456 148
681 37
466 30
181 70
542 276
866 394
55 415
343 903
137 928
880 405
856 830
911 987
199 15
662 707
144 617
392 738
3 321
333 754
940 344
418 80
806 656
856 762
321 203
82 823
288 130
663 485
314 666
75 500
817 388
282 166
708 679
148 607
293 103
66 548
590 155
458 283
453 987
127 547
306 210
300 381
473 826
704 956
366 61
46 629
6 85
597 629
733 859
833 782
230 121
537 321
137 712
474 965
465 123
175 67
917 902
246 787
985 127
283 8
13 30
540 490
882 823
157 279
606 837
262 645
53 979
513 354
687 823
915 890
343 69
247 984
473 273
281 774
513 559
860 292
939 24
495 52
82 207
472 223
268 501
392 895
267 240
2 591
857 905
408 608
717 685
929 575
572 375
495 331
46 454
767 688
413 586
946 80
233 300
607 978
644 879
415 235
603 527
17 478
554 450
497 373
62 632
112 806
695 379
611 993
182 524
250 544
234 928
291 189
924 296
861 669
442 307
692 135
436 660
147 846
317 642
970 397
907 91
833 444
640 824
195 816
508 131
968 189
342 12
884 708
656 935
133 38
800 695
845 844
311 405
563 661
286 891
646 472
797 539
971 759
300 730
188 444
42 935
451 518
961 135
736 217
453 794
992 779
651 577
466 716
626 77
416 234
302 98
889 211
123 899
916 115
823 310
819 890
311 121
811 249
448 908
720 100
964 904
140 9
908 343
695 178
460 788
641 661
659 609
165 997
151 348
816 435
371 799
836 417
356 631
482 607
522 515
331 112
76 759
848 93
350 689
625 402
135 678
423 715
567 238
82 218
873 611
761 806
210 976
594 638
592 641
264 803
71 724
646 215
992 594
398 274
47 274
803 374
914 738
835 756
793 925
505 665
483 21
487 406
118 967
190 183
18 522
755 358
140 518
758 666
708 11
109 683
543 527
805 523
283 446
56 275
770 797
893 459
636 562
775 746
47 56
654 150
62 895
139 852
66 557
71 407
426 297
194 919
532 865
9 150
881 225
440 758
310 459
100 653
131 327
484 950
874 358
954 905
896 708
519 79
220 448
181 990
100 759
634 842
179 295
655 161
714 307
611 984
493 518
978 683
949 549
909 761
629 223
230 580
639 838
890 464
169 395
924 936
749 67
829 471
11 615
349 757
384 814
391 866
655 257
174 571
537 401
765 279
780 875
222 585
422 753
963 10
743 957
669 294
685 633
361 192
794 916
847 32
664 423
273 355
738 877
445 404
71 470
425 454
466 647
441 319
73 617
332 553
622 988
926 868
924 223
791 656
824 468
98 98
508 395
504 109
823 726
341 502
477 120
982 981
840 175
305 88
755 50
54 147
119 222
46 276
809 23
700 70
307 988
556 543
988 908
788 201
512 934
846 145
888 783
651 657
277 337
185 396
800 204
658 155
343 872
998 365
415 249
525 842
103 265
517 165
856 916
171 655
17 664
614 450
923 693
718 12
306 451
118 651
999 459
34 144
797 10
771 779
902 990
882 580
337 832
861 836
578 626
730 622
186 869
585 845
673 611
439 769
123 571
915 906
423 424
9 659
124 280
276 819
327 929
17 728
166 239
913 73
416 856
668 690
905 366
831 233
612 375
507 581
350 33
9 381
339 260
844 297
990 975
56 104
650 356
733 244
549 751
567 910
782 285
107 874
234 790
88 469
947 83
619 441
157 936
30 959
397 266
16 969
584 90
769 214
939 536
39 28
215 816
998 111
530 804
585 290
272 890
905 763
957 525
333 247
759 306
666 982
66 918
152 456
906 314
513 474
893 693
512 23
420 180
899 859
670 529
38 414
860 660
140 611
713 978
223 730
623 547
291 439
319 773
397 202
464 518
309 601
238 409
694 866
994 748
536 859
596 994
454 537
141 279
686 988
694 566
888 582
98 508
893 352
507 219
888 396
636 411
923 906
272 371
626 719
720 626
501 359
377 617
718 120
448 820
151 835
252 373
142 873
209 431
893 389
167 526
62 825
922 424
616 886
407 500
209 665
137 915
640 325
743 431
30 491
74 150
254 338
236 842
593 214
447 571
822 828
388 44
849 749
670 982
294 601
218 449
645 262
127 382
440 819
644 58
547 1000
349 576
553 280
578 250
248 747
988 665
356 70
817 206
481 346
609 465
670 484
135 818
783 957
120 866
455 826
398 993
610 598
655 743
128 332
282 874
143 89
14 501
823 626
957 118
1000 371
193 746
995 503
949 968
445 613
127 993
262 398
843 459
934 570
995 605
871 993
635 839
427 741
952 89
393 433
310 911
431 870
850 845
415 467
511 416
689 198
886 725
576 144
460 440
881 514
221 63
838 305
886 569
123 356
207 198
456 288
716 424
599 846
970 526
921 692
169 417
547 136
30 46
945 82
690 268
590 888
533 788
705 772
581 40
583 88
132 329
530 585
433 290
632 908
699 902
349 343
12 320
315 836
499 92
95 354
866 915
887 611
363 490
202 766
517 765
530 76
261 313
944 834
423 609
538 819
169 577
879 46
789 237
627 532
287 405
271 292
325 42
362 703
713 796
524 116
493 652
825 3
832 566
113 869
722 887
569 293
332 932
90 344
270 899
942 865
342 667
579 768
414 92
263 298
5 252
488 280
689 639
963 206
132 496
562 417
956 889
267 980
529 163
142 718
644 571
498 228
36 327
897 972
544 133
219 566
959 570
168 300
840 851
635 672
158 554
60 696
865 757
422 871
221 177
117 776
404 338
362 362
145 645
787 68
869 307
658 847
240 868
682 548
199 270
866 856
820 609
31 374
362 454
606 361
507 261
420 775
172 661
662 900
427 797
289 441
231 217
160 249
733 933
224 575
74 132
409 933
835 411
12 607
518 444
400 572
40 105
355 201
235 732
152 770
118 91
1 613
193 197
781 946
331 306
40 500
586 980
970 118
364 463
339 431
423 264
622 12
96 666
807 405
902 625
946 252
208 299
253 139
804 52
359 386
981 215
77 931
313 306
99 795
306 515
91 73
761 556
165 329
326 757
894 276
187 463
115 347
773 952
294 426
326 799
798 419
178 168
702 738
224 253
821 72
360 937
242 640
391 223
679 562
742 701
183 839
553 196
86 86
986 910
441 898
962 499
535 817
30 267
569 78
752 815
91 876
384 991
286 902
564 456
694 292
666 625
319 774
131 456
228 471
417 830
103 637
635 726
435 977
75 189
517 852
973 595
160 137
768 2
887 389
907 952
517 998
7 621
336 65
950 546
931 715
244 457
195 681
952 342
564 271
442 686
204 868
762 885
702 708
632 694
959 857
495 211
667 927
715 241
225 875
832 403
797 493
593 622
428 242
746 38
412 431
158 431
299 881
52 703
328 259
332 644
255 866
323 532
676 413
624 318
61 976
100 914
374 806
969 644
488 228
905 47
887 441
993 251
275 806
818 575
712 472
990 848
931 193
3 926
877 889
528 450
181 238
523 272
794 812
106 357
138 981
786 573
961 203
929 87
400 442
363 85
834 435
576 337
600 76
806 498
285 364
729 995
217 74
629 770
797 760
16 936
792 716
506 393
125 534
267 990
892 567
108 970
905 903
314 261
969 875
272 844
432 453
162 18
289 450
452 30
423 130
220 994
332 849
326 224
26 181
988 700
834 271
351 241
756 165
819 96
386 215
748 790
332 509
16 532
478 964
216 64
536 314
635 942
89 389
989 649
979 546
303 267
735 370
578 904
273 917
731 106
315 990
914 548
708 651
390 703
808 472
573 206
580 75
349 652
561 478
546 273
645 310
342 509
360 673
361 803
718 183
933 35
240 482
371 961
530 636
503 81
96 913
858 11
482 250
31 298
196 789
166 653
185 281
445 917
41 765
142 889
235 431
363 786
151 357
98 773
581 616
454 652
809 468
954 886
223 823
691 176
753 572
734 181
108 688
368 869
35 723
399 477
222 275
576 23
54 520
321 548
227 563
449 487
633 1000
462 71
361 564
2 971
267 22
902 742
535 919
272 326
303 309
127 566
408 664
561 501
1000 641
723 226
250 395
959 3
1000 631
736 262
168 646
646 264
84 888
108 38
567 835
761 122
310 490
489 703
783 167
440 880
792 19
620 234
812 527
763 507
477 735
603 667
500 729
293 861
158 387
117 632
328 821
323 343
99 672
142 737
648 715
226 612
707 342
222 612
583 69
620 775
284 492
943 684
1 416
534 720
555 857
424 209
362 467
184 160
275 184
864 164
130 501
69 357
435 949
659 394
868 97
737 61
118 789
249 620
401 900
834 212
55 162
643 544
50 423
13 291
199 21
921 941
555 477
624 923
137 66
665 308
678 692
354 972
171 204
442 406
665 323
495 104
881 18
20 9
886 9
132 134
754 253
374 55
472 203
660 788
55 922
310 161
984 816
890 75
780 294
93 345
295 396
47 966
559 36
771 78
124 692
692 407
191 684
784 385
660 353
374 768
636 894
659 431
245 528
552 211
444 150
489 315
105 325
371 688
737 519
844 214
821 643
122 64
502 11
559 731
923 983
629 221
333 941
826 491
482 665
31 400
541 580
957 62
479 479
121 878
475 216
24 580
28 703
57 535
76 906
848 566
355 108
72 319
624 496
942 516
603 914
774 168
391 776
563 582
860 307
978 546
577 845
327 435
367 674
54 115
710 958
704 817
97 460
412 892
1 24
660 619
44 252
457 644
546 833
459 316
635 791
61 120
455 167
92 380
738 627
348 346
249 504
434 782
721 985
836 1000
400 133
377 141
76 95
871 949
641 885
977 287
403 339
475 907
757 147
544 847
102 97
399 555
884 848
131 990
74 51
288 915
452 186
466 452
514 373
660 392
531 742
518 353
464 571
450 984
79 6
393 226
223 743
299 916
775 528
47 774
753 939
591 137
89 463
683 757
869 133
918 103
534 541
260 246
457 501
76 445
933 589
703 410
275 564
786 290
314 717
516 627
151 920
771 259
800 368
264 290
353 499
226 100
351 223
348 733
604 238
40 813
601 737
546 510
924 872
621 326
951 833
208 499
477 74
251 404
835 507
873 602
221 891
488 889
39 213
617 794
623 539
173 501
655 71
913 928
223 937
69 742
413 126
84 71
78 412
554 344
981 248
774 709
988 112
682 91
851 646
334 659
802 78
18 168
165 79
711 753
627 571
516 831
74 404
488 634
63 609
223 658
322 905
567 618
859 595
760 470
94 868
733 689
788 379
19 667
876 944
451 146
773 891
495 665
129 595
371 65
476 696
254 593
135 291
985 960
202 405
871 779
910 644
231 46
772 982
827 634
328 116
200 863
857 973
54 529
268 788
653 506
140 43
406 74
195 917
718 406
760 121
53 888
924 833
298 216
251 270
507 253
124 345
584 346
120 462
256 941
864 395
568 341
662 374
446 645
28 451
230 55
162 641
310 161
386 159
341 881
451 346
418 369
622 653
735 676
908 684
513 567
937 210
491 158
488 558
44 559
192 429
480 516
567 75
451 288
701 711
361 54
322 583
553 91
243 487
629 392
853 624
14 92
815 678
977 499
471 772
65 562
409 733
839 80
140 153
186 449
596 144
394 410
798 494
370 753
540 862
179 592
601 213
810 289
796 683
350 750
706 608
771 44
726 447
749 753
52 183
919 872
66 15
599 996
906 550
890 269
932 935
488 19
404 671
681 586
428 217
208 458
685 734
617 668
928 533
65 934
423 749
225 546
714 663
669 878
198 108
850 647
546 676
573 522
961 941
743 289
127 61
816 73
184 18
519 210
646 839
177 686
188 853
435 815
228 241
268 913
183 699
142 422
530 871
950 965
995 972
454 510
998 246
602 958
83 697
388 340
560 236
981 293
905 157
496 46
326 940
754 798
800 175
150 809
248 937
78 793
6 43
936 25
770 913
582 265
24 305
561 707
776 419
729 538
940 618
69 871
537 608
110 92
575 220
304 515
779 126
908 547
836 868
690 571
454 21
450 181
716 611
991 369
769 198
441 323
976 649
459 127
760 172
388 796
738 876
836 544
483 730
179 344
304 926
289 310
609 970
174 602
375 619
955 913
821 926
534 370
863 989
194 905
676 319
262 977
289 645
61 879
479 839
504 584
396 431
63 488
335 328
998 732
728 483
439 500
272 729
893 880
40 59
100 586
158 546
280 929
834 657
751 459
569 841
793 778
57 896
793 659
43 438
259 139
794 628
435 712
941 856
798 178
925 670
952 394
181 290
437 244
492 475
640 85
391 369
746 767
538 530
586 671
965 496
361 608
780 772
532 680
901 259
714 995
654 966
108 855
110 69
23 87
428 613
336 143
410 534
666 643
12 783
456 214
828 524
693 549
801 864
482 975
209 988
664 773
511 522
71 28
936 504
764 550
879 777
526 861
784 284
593 820
223 907
847 478
788 131
569 243
297 389
226 560
344 120
755 780
24 913
433 41
538 758
548 361
688 770
27 639
372 980
448 127
521 227
147 124
165 113
334 567
158 973
146 529
713 358
769 363
754 283
913 782
37 291
161 86
578 971
273 863
874 577
295 176
104 957
320 412
398 639
97 191
319 33
795 771
69 819
931 184
902 253
617 759
362 239
181 738
980 448
241 141
994 828
125 425
134 236
378 519
448 830
35 129
141 856
990 921
848 836
335 452
171 946
780 435
936 642
203 866
312 885
859 181
290 35
272 549
506 464
327 43
522 488
467 165
793 169
860 907
736 244
456 178
399 999
880 945
267 847
176 634
793 308
525 96
465 651
577 280
842 133
469 840
551 279
58 440
295 104
900 298
821 316
649 568
338 695
333 639
118 670
76 965
347 732
211 272
704 25
17 873
375 613
282 113
886 79
336 736
419 847
583 344
699 242
406 799
158 656
912 475
191 571
558 738
630 202
693 738
16 51
844 98
921 649
659 299
674 668
261 871
436 275
799 561
533 100
556 652
804 294
419 850
336 614
517 59
880 775
324 755
530 920
808 250
181 2
246 235
209 351
204 69
798 653
484 878
415 164
755 788
444 254
340 140
710 177
591 139
32 347
759 672
842 880
725 845
517 147
230 894
81 697
2 579
988 218
663 46
389 206
633 709
711 610
534 311
812 897
96 882
344 411
693 981
588 258
222 932
691 856
742 16
778 678
340 39
839 345
207 109
671 267
196 36
311 850
735 595
448 352
927 871
341 128
497 233
48 979
869 374
579 725
486 548
19 228
392 667
286 864
919 541
794 608
693 212
941 985
525 786
856 205
930 694
490 560
585 223
484 637
669 37
991 258
625 684
562 34
229 1000
995 587
742 189
269 766
914 505
225 532
957 764
113 891
412 783
549 339
742 850
605 265
62 9
500 41
547 93
447 156
418 527
164 482
93 483
793 525
336 716
183 723
379 189
524 478
338 273
758 901
352 237
908 414
788 779
460 170
8 811
380 373
506 153
1000 737
108 917
930 543
290 156
436 273
965 255
564 907
896 105
251 849
987 327
188 186
52 444
471 409
619 777
827 561
62 405
768 632
8 957
889 222
927 738
682 273
985 746
832 209
486 903
85 847
752 171
340 477
980 538
932 947
265 192
347 421
715 271
109 861
143 252
10 69
27 405
930 575
938 404
790 161
208 297
177 856
567 187
877 417
580 416
635 777
402 557
880 383
436 142
655 127
339 535
454 522
529 180
575 722
221 278
329 420
813 495
928 909
327 89
90 438
135 159
990 308
145 359
106 85
215 946
346 329
957 932
866 930
760 413
69 937
569 509
378 676
123 259
58 95
400 285
492 641
161 710
85 438
588 918
452 815
424 229
456 858
209 867
654 602
136 786
188 345
716 848
991 476
421 625
593 309
496 349
327 369
851 217
528 351
430 528
10 249
964 429
470 657
280 773
218 240
992 703
889 621
460 555
298 451
137 542
351 863
964 681
830 740
208 550
216 972
565 359
766 197
168 520
392 797
783 202
799 973
240 308
940 853
874 98
674 800
3 515
957 33
526 967
324 235
547 698
827 746
487 86
507 496
560 371
459 38
710 350
151 860
999 335
573 436
47 883
348 62
252 332
118 421
841 815
496 899
276 981
223 766
32 417
443 787
13 226
469 924
699 64
589 448
843 411
346 87
692 161
266 313
408 308
999 484
92 311
495 945
350 179
143 983
765 359
854 138
445 771
922 884
347 758
471 382
111 588
30 407
229 336
111 596
473 124
4 365
431 780
725 636
945 85
519 976
275 199
24 233
241 614
746 879
910 678
799 178
221 336
6 561
183 241
16 958
838 594
838 957
821 890
434 391
287 810
460 358
519 621
785 108
772 536
70 330
804 84
484 739
667 446
778 632
244 412
372 300
406 241
818 936
655 377
919 176
473 625
44 816
449 628
216 705
678 152
523 345
516 513
911 229
202 51
263 201
847 480
841 223
879 929
294 681
797 205
776 915
571 977
552 879
402 706
264 959
840 336
32 977
703 64
13 901
960 913
238 856
371 838
405 97
701 458
914 387
920 787
935 648
664 286
859 919
354 713
715 366
117 473
660 298
653 733
675 847
775 551
294 47
426 761
480 231
18 497
867 484
626 992
979 593
35 962
248 886
364 725
682 977
564 422
430 109
493 691
888 254
744 978
86 545
788 479
896 124
496 52
978 602
501 981
787 840
496 716
901 959
145 976
904 243
697 296
786 128
386 3
697 601
37 349
451 938
348 19
767 310
445 614
867 647
350 252
85 480
337 392
399 718
462 634
478 525
518 808
729 744
358 361
48 471
342 774
364 689
576 60
7 619
783 979
687 835
430 794
882 404
214 703
577 827
104 871
132 40
436 460
873 801
581 962
309 27
315 742
799 458
986 555
926 228
568 30
56 245
194 599
823 550
604 414
659 158
366 583
418 151
157 870
626 86
431 556
367 527
614 98
29 29
422 64
802 98
507 456
120 236
292 951
382 924
782 739
855 122
964 532
892 835
769 669
309 292
558 495
610 415
953 164
649 788
782 27
524 947
121 103
891 451
168 108
748 410
896 422
355 86
215 648
71 312
860 964
792 177
501 240
196 440
866 978
838 958
510 641
473 374
108 865
228 907
845 186
23 399
887 364
902 194
659 219
748 275
503 80
828 108
83 967
176 237
458 868
980 738
810 742
302 509
502 294
742 108
94 583
966 771
851 748
218 913
577 708
67 176
185 623
821 624
566 112
40 563
938 13
508 317
481 682
822 80
946 258
468 224
824 111
497 287
919 381
397 934
783 302
691 474
300 74
195 880
52 123
685 26
244 741
725 848
273 90
115 473
779 956
442 756
952 253
569 302
232 528
596 90
616 132
782 901
433 861
172 436
635 316
351 825
634 29
922 115
615 796
638 214
365 995
28 583
315 738
161 731
876 351
87 923
834 573
734 91
940 818
805 581
739 391
761 317
837 347
832 134
625 251
402 548
149 537
907 330
739 118
448 705
485 690
680 403
793 406
949 337
876 949
819 330
284 583
304 986
69 510
328 453
954 227
344 287
807 961
554 819
367 895
87 207
862 469
995 892
632 554
816 272
215 883
932 392
733 236
889 829
5 63
174 639
958 588
558 704
263 641
22 768
197 565
386 117
167 830
496 883
632 521
624 421
815 371
229 899
835 495
255 18
714 644
608 955
459 718
410 984
705 58
771 884
99 18
455 712
732 148
126 10
340 722
951 783
615 675
570 939
818 473
612 265
599 968
260 567
40 85
970 467
686 565
79 67
545 450
818 97
583 844
228 193
952 428
243 382
939 25
464 404
75 859
706 582
18 28
885 429
433 119
25 157
655 201
870 387
165 654
765 530
152 891
197 851
80 531
608 659
183 558
458 158
677 452
737 839
200 71
567 224
56 822
656 219
30 579
852 950
813 300
233 190
80 99
507 989
923 460
647 271
981 792
791 293
139 922
101 280
998 968
351 901
616 963
104 745
345 896
565 812
667 166
924 590
544 909
768 742
826 715
433 509
573 656
8 447
160 622
467 251
386 530
494 64
977 344
8 223
241 71
725 510
381 300
763 728
595 821
816 875
507 913
801 678
57 659
590 409
397 821
145 422
5 475
29 605
695 602
675 35
299 110
572 236
661 304
864 228
301 111
315 49
429 539
293 311
669 738
168 504
534 891
328 75
486 439
222 494
41 461
884 444
645 858
415 325
581 154
823 580
546 775
624 636
1000 990
701 156
375 420
660 760
627 368
702 840
497 800
139 584
149 103
781 93
327 404
938 612
540 145
82 126
356 809
97 322
449 694
786 368
757 584
141 642
70 351
777 169
19 523
799 777
581 64
882 835
269 957
174 209
176 853
228 640
578 39
566 282
33 747
384 951
338 993
872 166
9 574
156 936
170 914
502 909
369 115
907 321
655 444
43 754
556 716
12 153
310 295
604 114
227 941
716 784
956 61
501 34
570 403
670 689
705 630
507 707
828 108
8 457
790 985
133 410
878 460
406 36
439 412
106 558
394 651
964 174
639 384
891 560
402 330
253 586
130 16
255 17
726 262
52 938
213 61
393 530
886 932
850 856
832 823
487 323
481 694
945 286
257 152
801 34
236 555
270 850
472 824
458 962
715 302
730 995
209 17
284 7
388 137
512 626
443 42
436 855
491 678
293 154
913 364
753 97
70 933
923 533
228 998
678 644
204 721
362 704
903 641
223 765
437 574
398 10
376 952
329 560
929 546
876 298
8 665
373 447
342 738
465 455
313 534
820 131
895 725
288 805
552 991
899 154
522 84
922 561
808 870
595 241
104 285
978 819
830 795
343 938
818 469
524 1000
258 188
1000 912
209 975
65 837
648 349
454 192
104 111
228 686
9 939
536 300
635 933
383 173
650 610
484 436
201 242
364 363
73 617
875 424
876 22
801 920
192 39
217 724
552 441
724 188
503 327
306 221
65 473
665 298
120 284
36 753
350 936
62 197
841 300
581 594
654 637
690 354
258 914
679 714
117 904
116 311
110 9
423 343
58 355
480 40
468 320
453 138
99 304
938 625
325 357
125 955
393 498
378 263
917 38
606 632
384 981
271 745
845 867
811 669
346 546
992 665
929 606
400 596
187 914
378 186
397 279
843 347
561 209
464 252
771 49
510 34
175 229
103 858
430 558
165 332
342 990
880 77
754 411
914 209
807 950
944 908
919 592
743 817
232 251
378 110
715 325
101 648
891 177
315 864
906 479
90 326
262 550
254 362
805 713
714 751
676 901
475 970
428 521
739 519
565 342
86 917
447 166
370 248
476 968
329 542
242 218
788 172
267 764
437 973
324 364
715 60
940 695
923 287
566 255
151 475
660 847
302 853
934 583
600 948
672 467
657 377
495 50
532 851
270 663
751 772
782 960
90 280
262 861
778 867
698 579
276 944
422 900
985 649
648 119
805 940
874 207
982 512
607 70
131 449
676 769
308 170
531 120
649 858
231 905
350 854
121 778
847 644
721 695
361 146
117 546
219 170
802 295
483 880
679 73
233 980
504 410
495 334
204 478
806 152
975 104
621 253
496 187
712 394
589 284
856 797
214 344
518 936
185 921
199 48
783 170
210 110
815 767
173 141
729 491
877 421
77 91
495 145
505 627
242 618
650 305
15 578
224 133
37 18
363 382
389 779
911 663
567 472
808 334
157 585
412 250
193 761
228 720
870 965
586 448
967 165
371 860
736 310
403 324
682 247
942 805
694 187
640 546
186 170
240 605
645 480
204 67
399 187
327 30
57 937
990 345
537 144
157 680
898 495
690 986
795 273
890 548
241 45
68 109
827 505
637 16
686 221
178 934
837 129
750 455
601 281
141 777
265 977
735 174
434 313
940 743
796 845
65 417
378 238
106 379
184 118
734 601
523 513
471 915
369 295
627 56
369 399
256 672
570 392
652 608
819 159
491 716
197 17
637 459
275 414
876 210
583 410
844 829
515 191
264 146
847 271
887 14
637 580
583 740
97 997
685 210
922 552
36 115
821 658
330 659
627 849
695 564
533 781
712 416
778 16
999 217
16 644
894 988
671 367
90 726
525 11
472 925
29 106
965 945
48 206
986 86
142 111
355 758
524 739
107 28
312 677
862 826
570 629
637 324
772 769
316 78
446 480
887 764
65 649
517 263
741 58
20 114
461 337
653 355
835 648
728 333
591 179
849 638
988 644
378 423
404 970
16 509
320 900
267 139
864 68
7 307
243 51
702 470
311 261
452 469
902 456
822 277
472 237
818 166
716 709
912 426
556 213
577 631
965 745
213 577
276 693
619 926
87 2
116 364
442 754
36 296
91 546
918 676
670 990
2 368
750 241
523 979
505 527
822 663
978 195
99 314
858 869
687 397
336 731
685 798
820 399
628 343
172 432
120 690
299 567
900 451
270 327
503 424
292 930
496 795
582 185
87 987
192 573
736 600
465 37
360 266
262 939
215 848
573 880
282 482
187 71
536 950
969 743
495 512
370 171
928 782
853 655
111 847
612 867
1 163
721 393
628 569
292 233
792 154
664 729
897 279
123 3
349 639
834 618
872 78
477 704
744 619
460 993
544 795
889 761
58 605
865 617
501 866
859 651
646 156
115 278
331 854
233 333
487 836
945 209
761 540
450 389
136 149
268 521
577 154
230 794
734 718
702 109
348 17
148 412
540 804
202 839
63 860
849 687
991 716
907 275
67 713
775 589
416 476
94 606
877 253
936 228
793 900
761 350
752 456
392 333
176 533
811 539
738 463
368 644
580 682
151 130
88 572
894 31
163 289
402 425
237 829
800 729
612 334
682 778
446 570
884 907
194 857
892 676
864 19
250 676
459 269
782 694
926 561
660 243
928 407
755 536
455 374
871 682
305 508
532 525
403 777
434 339
31 907
412 30
414 75
825 42
931 299
501 759
121 473
53 954
825 140
815 859
563 54
877 285
897 648
307 304
838 306
687 167
395 630
790 226
308 912
405 806
350 908
891 945
779 786
642 96
53 778
379 651
344 857
415 293
337 697
32 30
152 830
27 610
443 231
906 51
738 667
556 551
81 961
553 968
46 323
803 852
880 665
698 277
819 779
8 113
645 811
680 153
476 800
956 460
889 665
291 733
623 893
923 410
509 452
354 504
620 916
871 530
609 552
575 825
557 276
334 492
130 421
33 722
883 748
210 380
430 25
374 307
258 827
719 626
793 707
848 514
786 707
118 798
9 302
989 934
239 16
99 694
98 534
581 116
263 267
862 147
71 773
512 183
859 310
947 350
313 94
881 663
66 336
380 355
389 606
419 878
680 835
770 805
26 761
694 536
183 274
634 467
395 359
877 839
651 493
884 792
531 248
439 977
312 309
744 137
198 788
739 424
650 588
225 362
148 717
405 639
954 530
155 985
997 583
186 502
887 72
277 948
585 886
575 20
908 728
706 27
656 490
920 73
997 642
262 166
623 980
490 215
943 421
624 60
822 662
873 122
140 650
511 586
546 1000
395 410
219 450
619 150
165 514
282 571
732 526
407 650
741 881
215 390
388 108
902 279
269 518
752 398
72 138
374 927
127 533
825 157
864 164
657 900
804 352
665 383
141 294
162 893
266 297
378 942
273 821
91 538
993 113
989 758
724 313
521 148
794 609
254 889
227 73
726 565
430 692
306 245
833 41
99 2
203 91
75 539
97 931
201 142
244 26
53 356
117 845
403 633
900 491
975 27
483 191
913 797
670 525
166 18
484 158
179 38
367 145
209 990
416 171
649 228
410 489
496 619
853 863
811 194
614 694
181 292
334 560
354 253
282 316
884 388
617 173
48 587
791 958
565 287
565 354
605 126
765 654
604 792
505 345
167 216
365 603
495 366
335 598
534 749
115 200
567 109
116 6
405 173
577 731
507 233
784 592
646 909
22 159
986 10
325 521
165 780
228 782
853 630
741 202
684 776
69 130
774 205
724 247
327 293
617 310
301 507
227 771
780 43
419 253
417 582
243 269
59 893
243 134
433 261
118 272
485 157
477 82
167 604
981 433
893 86
713 710
242 453
935 457
969 813
715 27
331 234
783 654
596 165
797 672
173 649
32 240
800 462
698 29
789 8
771 37
920 853
679 220
685 4
109 969
667 124
420 547
841 531
10 71
365 422
257 932
68 355
440 574
658 110
549 226
158 474
463 775
562 160
484 970
770 584
56 757
490 170
274 697
477 953
442 91
781 539
589 742
89 966
965 629
362 912
315 918
963 401
516 147
708 489
949 115
720 600
15 552
731 778
715 278
811 582
767 467
125 409
901 87
699 505
570 107
479 408
128 182
641 515
719 288
239 176
516 943
672 235
408 470
194 845
552 619
776 125
182 338
59 162
109 744
315 158
772 481
927 715
781 232
977 626
31 245
870 897
714 978
106 539
919 225
509 930
921 31
225 383
37 850
638 627
425 741
279 876
90 602
467 383
830 342
883 693
120 486
406 321
684 885
840 115
79 880
654 439
532 710
339 369
957 712
937 252
628 708
737 511
690 974
779 737
583 917
488 287
281 623
641 20
793 681
314 756
217 965
773 890
210 7
98 837
354 49
243 389
970 479
34 771
264 382
964 120
86 180
891 351
58 859
585 931
227 125
682 739
128 236
973 641
11 140
333 813
614 998
300 789
705 48
514 537
162 680
632 226
688 275
338 921
109 797
282 295
504 747
810 134
243 848
958 2
321 303
669 39
557 484
694 79
643 165
998 928
439 697
76 771
950 268
337 854
10 436
252 103
425 315
723 438
557 717
92 415
585 275
73 911
859 722
623 776
494 831
267 571
688 715
795 503
779 429
498 113
45 646
173 874
142 737
267 20
712 142
176 352
292 89
195 354
594 809
104 958
957 79
649 888
822 515
544 365
29 72
501 90
858 267
597 846
534 613
955 338
113 767
838 372
249 237
234 915
89 28
95 16
774 289
275 901
398 925
804 224
192 711
856 740
588 628
665 914
902 642
146 479
156 788
127 976
250 800
948 371
981 22
179 299
626 736
575 535
908 325
262 487
359 100
766 410
607 502
812 944
390 35
489 276
518 156
748 476
984 311
297 402
362 123
369 263
565 470
173 186
476 789
910 968
114 789
544 782
703 444
148 857
966 547
979 533
756 542
618 328
759 620
34 112
188 570
147 285
402 553
259 593
387 22
638 252
209 553
508 946
213 683
247 499
747 70
303 478
110 759
505 679
341 231
932 683
325 948
942 396
101 16
314 203
581 952
278 661
916 635
238 353
294 943
65 773
203 860
317 221
645 652
502 219
795 42
127 941
856 133
249 33
497 667
209 839
51 36
577 349
331 823
268 367
670 652
311 14
447 244
486 871
51 911
276 738
979 343
609 904
388 427
178 653
215 665
555 482
239 327
878 641
259 792
30 678
354 719
582 595
498 306
502 794
45 29
562 237
78 217
606 914
903 654
559 491
923 405
2 97
311 782
913 347
209 109
394 685
203 933
91 559
602 211
361 15
791 494
2 333
405 310
507 119
803 982
44 45
540 759
474 278
592 77
361 786
773 64
138 604
556 261
569 499
885 575
34 686
729 321
190 231
535 536
913 624
832 330
173 898
972 353
1000 146
45 390
312 392
192 993
948 596
629 780
307 729
169 129
385 857
656 904
423 141
374 771
373 105
328 558
376 288
476 988
979 583
426 131
311 162
314 140
404 606
678 271
439 49
130 350
479 455
99 250
554 229
270 633
253 54
153 789
777 996
109 79
143 109
988 363
527 560
219 137
588 811
304 476
975 479
241 150
409 430
580 41
594 388
859 412
364 297
708 525
363 259
767 942
69 323
239 901
873 945
279 637
704 580
604 134
440 435
395 680
508 852
708 991
917 605
111 625
969 807
685 999
734 579
523 289
196 680
246 732
573 599
764 634
62 888
700 40
947 117
261 23
539 776
495 59
983 911
109 559
65 459
402 748
463 740
334 432
408 941
658 217
768 30
166 551
267 695
599 283
420 363
885 102
661 626
418 629
927 143
271 634
384 381
337 131
197 367
593 324
278 623
728 168
427 900
250 487
578 646
310 80
90 376
151 649
619 651
346 694
759 359
517 168
843 17
231 575
723 982
580 786
956 897
896 94
872 397
722 219
351 76
911 767
85 77
627 253
500 600
558 549
836 77
446 920
795 803
218 233
786 241
43 918
911 309
311 82
656 682
24 603
16 28
354 703
660 581
471 28
557 762
289 536
603 915
102 444
87 385
484 367
801 117
88 661
459 160
819 560
595 221
210 935
439 263
93 879
424 144
869 118
795 798
571 258
908 240
945 90
554 990
87 474
427 739
272 736
798 827
331 844
561 612
145 440
879 379
549 931
586 764
285 486
118 260
50 943
463 764
140 430
357 270
746 34
934 740
425 699
522 463
11 750
101 1000
791 416
864 973
841 272
755 609
978 399
282 706
4 299
494 131
704 767
42 720
470 253
140 811
316 789
153 77
139 758
485 536
443 722
785 464
510 217
397 956
76 680
466 493
35 663
392 704
503 604
76 96
955 991
363 721
389 592
737 2
781 452
161 175
288 62
22 196
948 14
197 368
773 453
788 287
100 892
508 328
547 558
688 81
913 674
410 607
