935 395
882 354
18 433
204 261
744 26
579 279
218 158
373 299
599 234
732 278
137 102
557 789
219 610
957 636
197 384
436 711
229 481
700 917
818 491
446 166
193 577
753 509
317 238
471 661
811 233
429 577
50 271
812 450
682 280
538 583
98 356
53 647
699 752
936 760
918 390
921 869
213 781
477 680
307 303
428 7
647 886
915 553
184 386
864 906
93 971
603 215
716 926
354 356
93 112
592 325
32 40
161 809
962 105
393 403
159 613
307 173
31 175
287 409
363 855
808 544
160 70
251 980
524 689
531 100
789 727
905 569
44 180
207 634
941 942
274 841
484 836
447 492
993 429
963 259
897 364
943 872
792 132
659 271
648 566
840 469
4 262
546 938
168 865
210 428
678 939
991 900
5 985
556 574
898 953
789 874
695 754
321 608
789 932
296 603
740 162
120 664
30 425
774 595
255 326
527 431
695 130
536 506
946 466
87 362
465 973
237 589
725 954
168 390
504 196
132 691
751 680
874 31
439 709
596 899
862 78
215 769
554 158
566 597
988 821
344 994
942 641
626 347
514 959
67 35
726 652
345 995
539 994
497 336
444 288
369 607
947 287
500 221
202 962
632 644
816 34
934 752
756 331
74 75
929 530
657 118
491 742
372 375
690 263
219 784
854 336
483 422
675 185
3 645
600 957
166 4
313 682
665 674
547 631
222 879
964 649
179 19
994 171
277 695
323 259
705 218
26 446
57 952
531 224
88 512
652 12
686 297
572 746
425 125
265 394
566 78
794 846
772 221
606 909
689 778
934 553
566 953
520 443
518 111
942 734
747 161
395 596
893 277
45 277
156 61
805 116
459 187
615 22
174 939
561 419
3 791
223 753
276 550
476 705
685 281
956 17
325 493
724 981
325 69
90 911
505 487
455 129
845 964
599 757
167 63
512 445
918 446
860 256
708 789
704 390
252 255
663 426
641 24
236 163
749 174
123 318
161 893
257 889
489 802
277 125
219 913
171 369
799 32
8 527
221 816
674 752
795 923
197 696
98 497
499 326
495 644
64 857
616 37
92 244
898 322
824 141
705 219
418 741
9 606
112 109
121 336
744 388
472 238
138 794
898 346
307 812
317 120
672 994
702 826
841 891
509 216
601 851
794 651
801 684
854 705
36 344
387 314
187 273
753 654
140 746
394 236
500 164
255 74
274 728
205 484
470 554
633 484
78 287
637 284
986 953
299 209
398 596
434 313
925 907
104 734
882 204
257 152
499 555
467 194
74 544
681 95
228 603
488 613
557 93
161 220
264 944
31 672
606 579
813 974
767 726
759 609
493 381
817 970
559 196
813 5
926 585
540 255
115 164
672 981
252 794
632 3
964 426
539 445
994 181
688 854
44 389
632 206
929 886
667 673
228 566
874 707
667 727
811 410
96 440
697 407
119 390
438 321
904 423
568 98
644 243
227 387
816 442
941 667
243 153
142 945
621 961
680 870
566 989
364 74
168 769
20 387
75 358
116 133
626 830
243 735
455 838
632 981
846 4
226 784
828 682
694 873
647 623
581 215
277 469
803 25
57 467
487 761
883 924
144 624
640 876
891 181
527 509
618 974
12 396
436 561
952 492
699 175
154 38
378 10
887 232
332 975
240 806
44 583
38 9
281 753
131 143
229 375
290 719
301 820
523 778
965 701
135 475
552 471
159 112
171 674
439 783
297 123
285 413
804 673
633 669
598 854
687 117
126 435
763 899
275 727
928 838
170 90
960 198
988 358
513 782
707 969
618 857
339 828
318 666
922 611
507 213
115 692
402 186
603 415
979 584
590 202
543 240
321 799
808 325
549 745
73 475
126 306
420 603
108 699
227 766
726 189
1 47
444 33
527 721
137 752
367 911
146 521
849 226
949 935
39 563
926 766
498 516
202 665
711 677
893 446
637 336
354 199
428 78
437 372
278 550
999 398
367 596
317 190
931 46
796 735
866 685
250 837
490 851
329 440
697 20
771 554
636 938
523 128
433 987
744 300
985 894
251 162
779 535
859 630
735 376
678 893
234 314
942 423
586 222
608 920
652 742
71 370
556 207
590 207
895 13
305 875
221 140
142 596
482 342
826 259
463 439
188 809
133 476
516 859
176 412
567 157
348 301
429 344
634 207
665 976
708 744
845 105
330 384
938 88
127 877
215 824
924 75
233 10
265 960
337 111
625 291
842 666
889 544
841 339
150 387
345 914
593 893
488 956
900 565
286 901
171 998
759 74
259 691
332 292
960 468
355 271
366 474
307 414
617 903
430 154
828 865
328 136
491 954
763 321
692 154
351 382
509 190
749 197
800 442
735 106
257 781
758 776
463 293
366 793
867 944
268 192
513 278
647 796
23 844
844 660
134 765
7 30
453 243
527 244
648 353
977 977
388 916
328 254
827 286
941 771
221 105
904 542
297 680
889 454
673 626
65 278
166 949
703 339
589 201
892 235
867 888
943 726
981 795
381 143
189 226
365 501
829 398
738 67
78 71
385 757
698 920
353 211
726 579
309 719
153 913
905 601
265 760
723 636
312 802
165 176
385 502
318 352
651 559
251 983
143 493
674 627
930 957
56 562
844 781
374 853
861 340
814 41
913 646
824 184
644 978
296 258
1 717
835 868
931 317
511 305
236 159
522 436
489 107
669 537
500 130
364 132
731 504
489 345
185 308
121 826
66 233
937 73
944 317
725 40
142 965
120 278
839 81
359 226
477 387
514 480
795 29
739 686
740 169
812 614
33 968
284 871
274 243
745 622
356 514
421 228
544 277
935 435
899 242
452 922
7 469
120 880
260 508
98 846
581 315
893 958
662 31
546 314
281 946
946 811
745 794
567 611
492 754
853 902
923 150
909 976
16 145
588 596
69 13
28 544
369 102
48 986
760 207
701 725
564 198
210 1
937 480
367 224
986 56
347 938
911 662
686 112
487 843
873 496
623 291
187 167
538 158
252 313
555 449
33 476
975 299
912 83
509 98
483 555
924 495
39 268
10 937
64 601
555 744
863 936
432 220
438 596
350 988
699 27
755 87
545 342
259 288
773 306
938 886
348 131
819 29
153 133
269 163
292 932
204 973
531 30
121 2
68 745
863 441
876 710
158 458
881 530
613 992
246 232
7 766
638 152
345 215
67 482
160 878
694 754
919 647
438 246
573 788
697 433
451 195
611 953
567 252
167 226
960 649
417 812
738 90
964 948
711 665
627 160
255 549
609 171
397 153
613 362
323 638
490 561
862 754
318 367
685 480
625 711
445 195
871 141
940 705
654 461
128 421
150 806
96 41
254 363
101 6
165 50
93 709
404 761
586 311
61 219
306 504
792 381
77 277
309 373
440 311
11 160
310 46
546 838
37 423
976 171
706 75
564 217
846 13
927 557
606 667
988 45
934 914
779 635
936 408
821 415
443 532
93 244
730 494
83 772
126 498
626 595
696 620
772 200
131 155
319 641
966 58
525 145
717 858
798 886
565 741
869 769
115 705
586 527
11 954
822 245
638 560
903 169
158 618
639 818
77 11
338 134
973 664
832 430
364 322
547 133
168 608
718 61
161 62
966 933
757 369
778 455
776 645
837 869
633 919
729 385
730 415
107 236
845 345
780 782
99 799
145 185
703 134
511 504
803 892
663 378
420 836
22 102
477 797
650 131
494 787
589 349
585 820
204 853
144 647
639 844
547 511
855 759
310 518
720 232
890 392
921 388
628 787
992 14
68 174
522 932
561 101
514 188
234 38
702 266
896 361
14 371
253 975
489 66
9 836
671 900
500 466
7 142
21 505
598 473
406 44
63 315
237 354
51 494
233 1
157 211
920 160
437 923
632 181
789 100
947 123
901 235
157 521
777 182
666 199
32 611
891 530
44 614
402 487
89 22
749 205
108 394
662 492
68 994
479 616
33 467
633 690
406 664
859 827
135 910
913 111
977 3
645 173
675 825
522 418
431 133
697 587
323 639
352 318
779 175
498 570
834 261
256 998
2 362
9 479
133 391
388 66
522 985
234 189
152 193
576 343
819 443
229 164
962 181
646 179
223 125
210 968
795 292
353 758
628 626
975 954
60 10
957 577
664 910
911 931
924 777
586 559
38 989
879 868
906 717
722 794
945 806
368 409
416 467
32 972
863 393
824 590
385 202
516 771
451 175
601 3
277 359
483 105
942 687
230 38
819 985
262 485
566 404
809 154
817 581
926 211
823 873
329 583
965 412
749 221
313 817
398 27
570 778
848 606
318 962
990 126
84 647
211 310
957 308
293 35
571 388
865 423
645 912
270 812
345 676
377 151
799 455
284 193
370 388
546 482
107 239
200 283
774 268
367 134
190 942
169 921
26 28
974 825
638 781
304 938
554 698
849 704
873 812
897 566
808 683
339 854
592 575
185 931
982 356
766 621
152 365
412 473
928 824
731 788
931 29
308 731
186 863
141 178
717 169
533 20
52 500
916 372
831 810
784 258
510 927
831 683
148 134
1 854
166 162
88 487
802 160
492 360
622 516
44 584
684 205
152 565
495 314
271 664
697 129
312 867
947 779
328 70
340 902
850 700
806 262
495 568
783 861
896 161
65 937
71 471
924 640
399 528
227 523
963 695
604 375
102 601
239 22
247 491
762 347
770 685
376 287
968 149
550 186
25 906
707 344
141 76
379 342
354 451
505 52
512 937
716 360
837 715
58 886
432 518
180 513
508 376
669 369
936 933
494 452
385 921
372 759
881 443
245 392
342 809
344 605
899 921
804 687
626 310
606 445
956 790
241 281
990 899
733 320
832 206
22 322
997 944
57 544
24 388
921 716
476 620
933 3
111 934
519 864
327 28
199 492
990 917
954 956
432 426
337 727
511 692
184 47
850 523
689 928
909 841
3 960
425 140
41 102
239 311
570 813
581 524
123 859
70 707
917 694
773 71
686 711
22 133
30 381
41 99
585 669
591 430
807 503
334 147
884 52
568 820
691 605
110 569
429 874
939 96
503 701
384 90
204 246
896 672
542 621
571 263
545 739
219 491
967 757
362 108
65 627
236 369
196 18
43 947
845 860
175 766
369 606
255 135
287 718
732 245
200 885
988 157
876 731
30 845
736 387
436 838
847 257
601 942
90 100
717 677
512 119
986 337
835 488
343 93
301 158
975 742
137 19
273 962
374 290
684 414
29 602
336 917
883 862
438 193
951 605
744 318
603 409
917 704
128 682
237 674
283 305
635 440
282 534
610 380
487 202
902 532
792 977
171 529
524 139
766 947
80 121
740 902
147 207
718 282
899 792
549 683
30 105
570 285
386 474
611 239
332 63
138 496
576 978
412 426
129 614
854 320
324 538
796 143
991 609
940 914
254 558
56 168
470 896
783 213
751 699
260 556
402 112
113 942
106 92
169 225
455 397
852 174
515 442
498 128
991 394
991 914
293 666
609 515
533 655
139 110
773 729
998 43
121 256
580 446
131 247
376 37
766 583
177 947
514 908
592 94
266 847
326 72
977 206
450 372
503 237
384 99
295 656
78 155
543 653
765 689
536 990
714 127
736 440
550 972
106 549
540 294
545 994
788 307
967 97
73 259
380 537
297 628
902 235
651 84
790 643
266 137
603 792
812 937
976 467
610 237
804 482
553 410
292 36
595 388
469 701
453 124
556 471
882 540
512 230
429 512
564 221
416 652
192 519
447 588
649 171
784 275
985 628
773 61
912 346
755 270
469 993
820 587
758 824
764 573
206 847
870 619
146 341
138 864
211 556
650 440
902 479
571 296
549 732
196 260
624 301
313 779
763 541
515 940
34 375
546 328
63 894
963 193
155 859
811 371
442 814
179 884
447 977
471 465
863 512
352 525
240 335
985 721
186 27
51 413
858 113
584 968
615 748
277 674
609 793
195 374
837 337
773 281
909 775
862 583
838 810
998 742
850 468
650 721
33 310
833 994
30 550
317 670
313 722
988 320
227 126
839 445
513 472
37 614
361 515
844 295
542 730
120 216
65 995
68 382
246 612
73 937
341 692
817 374
476 256
994 481
107 994
900 801
689 222
893 62
568 85
66 749
708 884
160 620
809 927
891 794
1000 402
227 341
814 128
887 60
625 326
120 306
409 936
238 547
21 591
955 793
856 848
708 382
410 18
729 218
170 301
367 665
725 708
161 770
316 806
208 681
674 840
580 650
91 448
874 758
254 550
264 521
34 610
289 641
230 830
817 242
224 388
629 680
610 856
93 190
184 945
830 812
210 738
836 621
873 709
689 918
822 312
408 339
205 315
287 392
120 749
205 56
845 583
153 861
539 635
93 342
867 452
555 228
718 486
785 424
688 768
493 523
689 621
956 982
760 509
797 882
619 90
428 871
670 262
241 876
357 374
749 476
119 709
753 856
361 822
608 68
458 812
988 164
380 409
80 693
632 872
411 49
381 569
462 85
60 482
791 249
770 625
342 891
951 125
396 692
215 330
454 986
299 203
131 977
558 991
919 78
767 99
941 983
433 995
89 713
33 331
63 849
310 64
523 289
718 86
916 690
194 451
468 7
520 13
621 537
258 981
314 394
269 385
369 778
135 968
230 175
256 341
421 468
717 783
26 812
761 327
930 126
380 726
928 95
391 283
98 573
281 698
955 335
464 172
723 60
34 921
842 724
549 328
265 37
463 678
487 446
435 830
567 736
117 623
676 634
362 65
548 535
182 837
386 658
406 881
426 505
672 44
496 652
247 312
503 484
816 446
871 593
921 162
604 870
828 313
652 186
517 525
395 972
493 779
119 498
577 441
32 334
590 752
139 660
61 956
428 150
119 278
42 799
793 746
98 759
993 400
749 506
282 432
22 318
929 849
183 698
570 350
584 57
499 159
334 528
609 429
912 933
311 385
169 395
494 925
724 535
233 789
479 54
938 49
822 88
206 700
142 231
446 288
982 567
301 743
248 581
165 212
857 664
821 910
740 143
43 803
346 920
611 286
747 735
210 29
97 259
622 590
959 899
101 61
852 795
352 526
276 296
535 563
798 759
422 733
419 403
697 246
587 827
15 986
856 632
199 551
494 125
221 321
878 833
912 478
106 255
844 508
910 42
620 849
491 640
270 194
382 928
939 952
702 331
207 919
634 438
946 241
879 962
279 192
283 281
446 539
307 94
572 38
899 43
9 585
806 569
958 752
169 576
141 517
743 931
969 722
45 521
848 330
664 91
737 287
850 393
642 490
39 876
425 502
271 579
812 568
607 91
173 542
725 671
394 925
396 428
20 937
602 600
902 278
333 730
39 934
478 334
467 330
520 417
613 283
605 920
748 115
431 832
916 130
23 984
476 120
139 44
10 608
171 186
878 586
596 988
270 457
432 793
21 579
557 770
702 162
732 117
623 701
819 633
361 298
353 511
216 206
530 163
595 854
235 928
204 145
953 344
553 678
757 577
749 268
924 87
842 928
182 312
797 396
848 253
327 332
954 627
590 115
924 862
708 964
344 692
977 15
929 1000
283 400
25 730
31 808
287 702
386 601
839 841
527 940
948 367
216 708
392 928
772 336
647 467
96 14
269 209
625 315
745 989
760 32
23 517
497 105
978 324
650 661
445 111
62 875
363 439
651 917
163 673
390 70
220 3
387 752
734 477
347 752
346 180
483 959
402 989
855 807
595 173
876 434
801 357
597 225
408 175
777 101
104 236
314 714
155 359
535 805
909 622
282 339
953 456
469 289
501 275
310 650
729 278
24 997
867 911
300 980
849 125
580 96
646 436
480 772
598 809
418 823
336 180
901 766
713 511
84 653
608 416
826 561
333 176
103 747
870 417
470 936
150 820
637 666
817 875
270 342
115 947
200 31
613 14
746 992
840 166
645 938
84 763
899 749
195 860
197 804
801 689
272 189
512 965
539 658
913 665
666 179
96 872
486 210
203 109
952 381
73 104
518 324
213 648
175 568
326 54
773 719
757 358
353 836
596 811
586 996
297 471
327 562
914 179
754 888
800 191
196 369
583 94
645 574
82 98
38 96
848 315
219 711
983 688
76 388
593 650
454 19
205 686
919 395
392 711
331 118
680 332
728 538
622 911
281 761
496 542
455 956
350 898
24 64
42 157
606 770
282 838
246 224
653 768
931 513
439 690
269 796
406 730
888 153
71 828
266 3
547 243
994 963
13 635
909 882
881 794
174 147
531 580
18 580
313 567
742 100
850 459
870 431
571 31
292 376
904 155
535 429
140 501
578 695
804 998
478 342
984 910
691 837
580 912
218 20
483 274
291 382
487 111
399 821
249 915
521 849
585 584
50 980
345 386
132 9
246 699
34 174
281 297
389 424
686 247
282 183
116 829
211 345
198 578
590 127
599 497
189 330
243 641
909 812
734 222
130 558
716 636
606 182
527 491
641 531
531 629
904 146
865 738
54 663
221 465
120 716
8 341
943 532
188 395
16 570
849 318
429 14
612 120
596 286
977 929
656 448
584 597
307 309
419 805
475 663
349 198
453 671
256 61
513 833
729 900
497 93
759 855
219 653
234 19
784 717
637 370
872 356
939 598
33 580
896 668
423 657
108 78
572 638
223 511
186 902
404 356
563 239
819 564
465 733
84 507
766 826
537 6
379 306
663 550
219 751
647 284
869 12
191 930
246 49
900 410
965 278
188 566
166 70
344 440
263 822
737 390
150 198
65 883
826 665
334 469
262 204
989 956
538 208
176 474
614 43
550 330
391 170
405 392
452 627
236 266
802 625
301 936
750 596
908 877
532 748
514 404
193 954
490 539
149 657
802 509
270 54
692 451
538 876
197 907
601 575
306 74
908 82
560 571
244 808
341 825
514 323
829 697
266 30
529 622
752 287
560 129
601 352
543 761
47 134
127 667
374 980
627 419
97 895
897 479
270 839
749 187
623 612
914 990
370 12
743 906
690 119
824 203
696 27
291 476
938 121
472 11
968 87
268 466
422 264
348 490
450 644
453 348
277 797
486 118
662 107
844 925
960 972
282 382
943 718
187 931
751 798
242 265
702 594
771 272
196 498
326 620
308 709
36 501
944 43
962 678
152 108
196 355
595 484
751 47
157 41
102 546
374 6
160 345
136 545
505 902
313 70
150 333
527 417
639 582
925 475
774 713
666 573
307 941
482 917
276 230
24 378
83 387
495 863
319 942
730 224
404 629
43 114
288 647
960 201
489 596
908 577
849 499
19 265
957 369
636 417
513 543
404 654
694 323
511 974
488 412
562 657
338 399
494 587
419 625
660 825
40 281
963 564
401 935
363 36
121 52
449 566
27 540
906 556
850 845
413 780
18 18
839 343
255 919
347 862
929 414
370 510
932 531
172 173
551 723
339 15
737 824
644 763
38 673
711 280
869 818
721 45
544 608
521 325
644 33
189 632
884 426
639 242
940 475
455 455
972 210
33 152
59 365
54 43
934 178
113 61
257 5
933 9
326 358
559 16
147 618
203 414
803 306
277 530
748 914
224 241
981 619
666 855
84 412
855 96
183 289
613 403
606 58
127 860
916 610
438 636
463 215
983 833
874 64
280 302
48 998
105 61
907 652
248 131
279 239
650 123
585 930
856 851
315 860
104 233
760 697
324 154
167 83
908 698
551 701
676 658
274 316
722 664
809 130
979 559
963 217
174 660
360 32
123 265
154 59
143 789
665 928
421 42
188 965
55 918
651 226
215 769
345 146
969 450
854 377
84 283
485 391
846 776
707 953
683 614
903 382
344 145
564 797
540 746
253 359
311 376
735 545
849 275
526 819
226 979
154 108
759 636
55 973
938 364
61 241
668 274
655 504
788 541
605 278
296 405
892 488
424 457
74 930
151 425
374 955
823 673
871 310
658 108
145 141
954 46
412 41
239 722
124 748
116 338
409 363
10 501
526 994
76 441
484 215
421 285
933 12
458 605
96 627
179 726
874 696
285 462
833 774
86 115
901 601
734 58
487 252
836 618
284 450
727 681
995 223
931 48
844 473
970 997
254 124
782 898
411 331
556 495
466 61
581 908
910 753
545 813
590 405
931 481
638 535
650 444
664 130
766 726
489 859
409 30
262 146
84 948
687 369
78 543
380 869
297 397
88 506
865 511
126 550
334 3
428 827
22 253
230 154
503 74
771 980
86 405
516 939
968 283
809 834
143 858
77 623
185 59
456 307
393 678
931 868
174 816
486 263
27 191
275 297
914 504
823 169
887 499
204 91
725 642
115 655
965 694
333 5
6 804
579 703
263 955
571 359
142 978
958 767
247 712
246 792
895 683
947 965
741 940
617 634
133 115
178 987
523 986
907 138
539 795
619 549
453 62
23 245
870 636
62 197
160 116
993 235
25 655
160 856
749 518
430 637
556 173
966 465
286 759
211 979
686 456
117 134
417 598
688 758
334 425
670 948
534 34
949 383
932 292
189 693
630 870
734 11
158 420
67 322
214 704
160 248
272 420
368 852
166 324
918 187
32 859
728 82
764 975
214 26
950 280
442 984
728 796
422 162
715 94
195 88
721 163
259 307
260 221
155 66
108 241
175 925
679 518
31 61
354 858
800 59
179 103
737 741
710 637
595 599
46 301
935 955
906 821
684 874
139 841
743 831
121 990
257 554
929 650
556 227
496 956
772 267
840 217
323 485
351 275
436 139
392 179
104 446
315 304
675 433
103 893
519 384
757 320
418 274
564 157
603 93
631 975
35 423
142 44
692 393
110 322
476 966
468 501
819 257
722 434
525 973
121 775
619 790
417 786
438 925
716 619
272 441
829 333
866 750
105 68
28 181
146 448
891 423
736 286
919 11
554 987
303 83
852 855
33 184
247 60
869 73
995 453
263 216
952 37
926 166
770 211
954 148
367 898
835 428
633 924
211 267
460 91
105 856
529 513
911 185
297 163
514 377
845 359
251 940
131 267
466 798
763 608
680 407
704 752
349 976
344 530
936 418
456 8
643 239
156 272
957 105
438 12
343 255
115 419
851 885
798 441
611 170
684 491
309 196
292 957
556 224
68 229
734 995
860 628
552 951
214 407
956 121
523 856
91 771
698 447
993 181
819 881
468 751
344 277
311 950
337 147
417 556
248 936
837 999
992 215
681 786
357 2
652 195
797 428
98 386
277 957
652 83
631 70
601 348
781 132
420 791
990 942
922 479
977 268
897 655
98 620
447 866
349 710
224 851
721 645
397 166
503 660
193 674
177 962
296 433
49 334
25 937
26 805
885 631
801 954
265 861
56 61
360 329
733 349
878 298
744 237
600 123
304 166
831 628
205 564
996 39
440 764
429 232
435 336
274 57
174 814
329 113
788 60
884 333
85 719
483 240
85 363
359 457
563 248
823 573
235 391
869 860
570 182
304 161
242 566
296 231
869 628
33 423
179 757
995 734
655 804
486 432
481 983
997 18
104 467
545 238
988 653
607 97
733 268
939 120
375 531
769 491
775 990
505 896
20 494
989 755
915 647
697 508
600 700
22 987
480 867
475 37
858 65
579 877
56 86
64 779
719 141
619 632
359 321
447 423
250 708
491 444
110 177
666 892
654 820
688 276
711 568
943 81
509 532
537 161
343 225
512 361
51 121
784 820
906 354
396 971
91 149
864 460
595 90
828 582
453 461
169 620
366 594
913 259
808 404
59 934
119 769
655 837
859 576
625 880
347 807
497 19
324 969
182 324
467 680
387 814
287 967
260 801
506 144
91 188
529 518
107 603
582 122
647 783
338 869
563 314
835 383
771 400
398 796
228 882
969 83
847 680
468 610
206 512
943 161
597 554
889 134
372 169
633 460
811 24
89 484
29 401
590 274
629 115
793 178
855 118
879 13
932 264
181 154
882 406
452 104
486 633
964 223
714 180
497 562
466 26
810 608
165 68
977 936
668 612
930 140
611 729
760 544
746 963
899 333
552 300
456 834
622 258
4 296
977 363
611 462
220 284
618 67
651 271
176 97
869 864
420 86
628 349
239 149
369 960
580 30
273 219
405 434
329 131
487 746
969 813
381 562
168 684
395 54
478 30
858 675
630 146
645 528
933 374
207 379
297 651
366 259
973 757
518 357
578 772
554 322
371 902
539 850
485 723
490 13
837 928
458 409
580 726
716 217
43 915
901 836
782 683
552 246
81 114
421 139
89 731
479 967
127 188
94 821
249 294
94 355
169 830
960 805
1000 375
937 169
227 277
83 304
747 299
707 412
631 117
888 524
975 153
606 849
941 746
296 895
166 97
229 162
993 725
990 781
325 328
299 92
464 427
108 131
984 408
658 817
518 275
373 140
288 277
36 125
852 863
452 668
467 200
696 626
692 144
863 784
670 908
169 641
945 20
263 653
558 376
913 827
267 587
45 563
791 301
646 28
140 556
770 178
463 369
812 711
577 754
348 837
903 856
344 806
681 468
440 305
633 967
320 457
443 715
842 255
373 810
206 783
581 617
752 9
431 866
205 713
625 282
994 782
506 70
320 471
840 676
847 270
459 69
893 470
507 639
157 407
280 153
852 571
149 958
771 705
532 58
35 695
697 780
863 236
60 707
824 107
309 971
790 52
309 884
731 259
745 607
736 295
437 264
590 335
306 192
417 131
416 895
857 709
40 95
968 808
195 377
390 512
625 146
325 830
479 699
473 449
458 176
924 969
315 84
246 697
394 614
686 903
108 694
590 562
85 606
112 263
858 399
886 73
608 314
977 223
52 931
365 336
740 856
480 573
194 853
687 641
900 831
966 970
662 650
658 252
114 662
114 734
718 848
511 363
149 442
491 483
838 3
923 213
414 889
275 773
285 594
293 992
100 469
795 399
798 795
358 77
62 544
209 319
461 638
911 949
553 410
711 348
131 501
513 770
577 426
345 653
1000 838
820 565
863 650
797 601
266 300
324 430
759 973
539 150
602 207
574 125
52 1000
798 711
433 138
638 736
915 619
117 783
98 180
767 658
628 591
832 431
141 168
619 472
764 652
571 186
205 164
320 324
845 9
235 609
458 398
295 166
753 637
554 529
483 218
752 334
477 722
539 724
674 786
308 72
856 135
657 574
648 46
488 278
56 698
512 517
918 645
929 727
916 841
68 517
516 461
443 479
988 391
858 382
249 476
51 190
855 957
961 770
767 963
351 492
887 29
325 548
515 807
67 8
41 152
647 224
956 39
595 351
662 977
259 335
860 339
110 964
769 986
948 451
641 647
343 551
601 979
97 677
670 643
874 443
572 283
516 405
631 708
261 353
652 243
228 87
171 131
316 560
775 616
431 492
815 163
514 978
912 354
274 504
494 825
130 749
451 19
716 854
698 720
573 165
849 977
613 207
218 597
972 904
545 504
311 506
806 567
566 284
553 65
834 626
226 899
151 51
416 708
755 447
557 891
211 300
586 579
435 346
293 181
502 406
831 283
299 616
277 889
440 543
618 784
829 875
989 607
345 953
404 648
600 1000
257 507
946 985
292 111
205 37
246 378
268 801
223 506
670 610
513 848
904 308
682 981
884 903
1 118
37 634
238 845
333 375
16 330
833 795
270 687
770 14
201 537
598 806
362 665
279 266
298 59
244 573
284 515
106 821
639 315
398 895
56 254
310 557
784 154
702 828
223 712
398 855
62 940
365 451
785 185
67 269
762 78
215 533
656 70
174 625
724 238
486 500
958 794
48 774
627 46
959 486
765 640
559 286
259 727
121 927
83 401
223 767
436 493
745 951
208 239
735 272
16 934
851 936
859 934
672 814
990 449
886 955
981 542
368 163
764 267
979 133
857 875
677 338
435 351
185 389
266 453
573 670
656 855
580 786
645 73
635 488
29 63
489 979
887 949
502 411
723 712
938 230
223 370
192 191
922 937
346 429
86 444
509 120
759 210
161 201
771 386
274 622
187 345
502 800
313 202
546 253
708 380
580 270
629 457
438 881
1000 76
429 690
830 20
652 920
975 689
640 918
109 321
836 347
933 527
618 859
323 999
736 132
912 373
526 3
787 92
310 959
949 309
122 537
177 480
195 306
131 879
531 968
314 509
488 306
837 832
766 523
288 90
631 129
764 623
401 2
309 738
169 383
789 285
160 956
938 577
452 342
601 107
279 110
920 461
475 265
176 539
143 278
859 530
564 249
759 171
859 209
99 432
886 242
680 977
873 9
679 4
323 646
763 311
931 967
31 345
239 206
483 415
78 93
40 103
750 374
122 855
404 691
538 353
935 425
495 355
535 754
920 928
90 826
730 689
87 665
315 80
400 537
114 482
504 745
512 505
556 403
828 855
213 566
742 761
775 335
802 883
331 781
717 516
320 143
657 171
117 431
116 871
412 568
813 990
244 929
293 549
662 555
406 913
381 204
83 329
688 337
645 449
252 926
417 231
374 320
787 93
565 703
435 559
815 37
619 86
810 822
831 705
569 644
398 418
209 227
340 734
23 40
999 812
133 14
222 846
136 231
273 416
729 933
370 289
368 48
324 952
497 737
65 892
162 490
578 807
880 399
336 32
176 258
515 694
973 79
546 887
637 802
343 577
908 974
830 969
292 51
345 788
38 867
600 234
125 679
142 357
984 190
719 333
77 890
770 264
585 994
655 772
486 374
322 159
901 377
677 654
851 149
46 924
446 126
462 276
218 899
258 564
737 844
150 534
403 401
347 864
559 110
686 499
871 196
851 514
103 305
558 726
146 474
236 427
1 504
126 928
166 487
465 682
175 820
384 62
831 553
658 77
619 945
906 802
892 85
656 836
288 576
903 117
575 936
701 222
342 907
69 780
510 805
417 971
536 154
930 320
476 737
467 227
442 890
324 525
929 397
632 316
262 35
454 32
51 72
812 745
776 575
970 952
697 74
979 452
538 321
221 372
226 99
294 510
474 725
32 906
14 479
243 913
825 32
589 374
868 688
216 630
55 582
747 418
322 582
963 66
110 792
742 155
866 81
663 683
655 32
952 817
699 94
608 672
745 995
804 533
594 819
496 87
721 246
208 546
679 138
571 830
493 59
676 198
571 355
200 440
672 428
635 938
499 899
97 816
632 81
782 503
72 505
939 889
540 159
336 998
6 770
666 547
813 581
874 33
760 517
685 51
298 514
443 114
357 382
591 501
558 152
720 96
450 983
342 369
484 618
224 596
902 851
107 660
6 728
705 668
579 703
856 259
742 881
261 993
939 832
872 994
506 292
545 517
794 28
61 703
115 475
740 611
742 672
126 500
401 343
252 826
305 596
301 303
941 194
937 507
560 210
615 221
606 469
469 525
243 467
208 96
299 201
962 858
822 20
833 207
991 60
820 391
302 47
797 243
328 599
375 784
443 126
253 174
518 41
64 416
98 694
90 419
226 97
49 263
839 277
397 229
890 435
797 978
899 881
660 651
679 468
240 236
320 629
684 346
677 745
892 336
537 270
499 518
470 619
43 885
198 211
33 581
337 57
495 322
175 475
871 687
389 521
851 290
692 433
898 737
235 490
915 52
790 83
850 208
902 498
24 328
523 86
770 107
845 278
657 885
30 740
215 611
313 930
904 350
857 112
778 614
824 335
211 28
920 324
501 403
536 314
570 190
416 655
953 598
569 585
129 481
638 612
262 398
544 828
868 330
80 794
90 863
886 622
807 244
400 571
108 388
430 95
212 126
392 624
90 955
7 228
860 486
643 599
644 106
470 483
494 945
480 955
419 158
1000 611
412 320
886 899
427 831
476 971
355 33
991 962
41 900
476 374
4 439
761 479
107 450
10 980
154 552
834 429
770 526
224 878
467 586
60 578
343 165
997 967
892 870
900 402
712 273
127 388
929 993
576 393
484 372
505 249
641 802
696 448
184 225
170 47
397 390
571 989
527 980
624 104
294 918
742 745
720 868
51 426
717 554
886 860
208 88
903 828
998 55
406 733
33 900
278 553
61 18
429 274
549 65
518 246
420 859
910 826
491 689
934 212
849 30
15 750
316 977
44 17
227 598
561 7
545 958
663 412
355 853
373 70
136 328
116 827
745 737
35 618
684 14
326 898
964 591
119 392
269 267
731 938
264 993
281 153
642 786
861 758
724 619
552 9
51 96
114 412
408 402
684 600
811 698
858 989
825 180
550 525
802 269
252 841
612 642
990 829
423 205
755 431
942 68
972 341
418 155
555 363
953 556
898 209
134 568
821 43
62 241
453 285
243 649
69 558
395 311
689 545
812 950
393 224
949 825
229 93
176 763
911 824
578 513
13 956
18 551
125 206
512 814
322 116
861 31
636 738
746 875
829 285
410 614
777 607
650 404
751 264
601 275
146 904
943 819
998 256
59 906
204 538
596 621
201 662
820 159
23 580
138 661
139 94
914 684
869 408
52 319
246 115
170 807
256 442
901 873
608 686
489 295
867 228
54 797
341 449
211 120
425 581
880 584
503 930
590 884
74 738
550 552
221 483
909 427
563 106
757 433
46 290
809 928
433 105
701 351
687 50
540 324
756 277
739 821
230 6
834 7
128 786
489 339
907 251
292 963
170 600
975 493
521 4
445 256
604 605
27 479
100 356
712 626
445 685
347 2
922 598
371 999
632 681
486 847
724 59
214 784
163 624
502 324
679 599
235 715
209 580
749 92
93 441
304 696
686 818
473 864
746 673
697 891
874 377
431 966
760 185
818 867
899 985
639 584
507 286
435 586
752 834
894 565
174 342
985 666
629 6
674 591
349 739
735 316
319 436
203 59
913 585
31 463
517 688
295 935
413 411
207 299
234 325
969 454
560 83
687 215
477 659
968 167
24 802
501 141
577 840
182 551
516 665
89 403
438 793
149 148
936 74
835 585
378 876
222 730
950 174
97 144
748 783
904 771
720 222
305 999
891 687
448 173
192 428
248 791
784 919
30 149
310 906
697 639
862 784
589 15
380 839
547 511
883 989
489 747
109 59
133 798
421 205
542 532
116 827
289 270
284 157
79 753
447 548
618 271
133 423
123 855
294 740
675 266
757 681
326 581
833 264
958 177
739 539
369 699
885 527
132 821
219 828
172 491
187 403
87 169
728 716
51 419
589 215
131 446
638 169
86 90
286 695
60 983
146 718
201 525
893 508
977 224
257 597
748 931
689 10
978 664
100 18
478 387
690 9
467 991
972 138
836 707
537 632
27 140
538 421
200 308
67 211
314 999
627 942
487 308
44 424
304 554
212 269
635 504
182 359
748 990
665 56
64 487
166 466
863 393
528 418
952 405
467 900
347 302
336 8
6 790
327 570
457 904
236 110
668 774
629 606
499 363
448 8
175 246
165 779
325 830
586 747
522 418
769 437
637 957
886 238
92 786
345 538
376 245
73 338
30 984
93 58
674 484
941 484
548 785
943 886
500 978
790 935
207 672
279 550
272 944
259 869
29 223
852 634
601 470
419 986
435 468
907 550
157 134
888 594
966 746
153 532
459 786
948 661
678 233
707 324
608 908
353 951
7 659
291 293
922 22
431 166
53 184
459 471
112 865
920 774
17 440
806 404
758 401
339 948
98 512
314 466
159 15
183 232
714 616
850 213
706 665
76 85
949 921
174 526
272 596
467 757
395 841
902 20
492 548
413 81
662 690
395 689
948 205
261 894
166 941
290 374
196 393
44 615
731 324
18 135
1000 338
339 421
776 187
831 181
274 712
268 526
552 667
750 890
845 481
11 615
49 934
468 138
667 93
637 768
225 649
826 64
707 332
918 254
541 722
755 848
949 901
546 271
710 885
848 116
849 166
594 149
342 789
415 62
731 432
305 126
64 278
889 248
560 768
584 961
833 551
855 375
802 742
841 74
438 517
337 68
950 122
604 495
570 144
743 115
488 747
266 407
720 725
400 484
874 410
95 655
287 955
314 421
417 357
36 144
380 936
326 624
408 670
326 796
77 17
406 138
658 886
556 89
972 73
882 9
262 57
33 762
476 932
518 389
398 924
25 554
460 709
623 936
404 561
828 867
272 323
447 220
950 459
971 792
829 211
618 849
321 570
14 272
632 150
86 175
199 896
277 797
549 634
2 636
394 399
491 965
556 806
707 569
321 499
47 200
315 359
725 413
292 259
833 519
439 739
275 100
503 923
86 841
822 649
415 404
455 303
332 140
150 360
730 104
392 288
575 420
527 135
195 760
97 842
785 327
398 672
646 557
223 77
877 360
497 550
974 254
158 236
380 142
916 315
629 967
83 162
232 180
661 262
162 617
2 961
334 231
699 555
258 86
642 596
462 110
82 23
425 744
180 58
836 881
128 687
72 545
235 953
501 796
618 81
168 30
581 522
968 241
576 530
210 597
526 716
517 738
641 432
133 150
540 138
718 412
484 139
492 951
888 966
220 500
814 121
345 593
521 170
192 758
366 351
741 870
164 278
303 564
886 288
320 553
829 452
926 967
232 803
387 881
643 490
685 775
988 106
996 264
937 683
845 56
539 614
771 726
63 814
300 144
271 353
45 607
698 236
881 95
165 769
781 235
873 912
5 368
901 975
510 235
365 638
650 97
829 655
859 95
427 674
662 132
11 760
524 342
397 892
967 838
999 594
320 725
610 111
459 178
313 734
853 813
153 888
304 878
157 24
775 256
748 288
727 765
558 61
193 205
967 925
469 933
839 667
105 981
256 391
408 734
671 131
564 78
961 698
567 439
869 131
675 202
763 104
647 666
301 89
326 672
751 802
203 830
376 218
677 886
554 623
811 661
629 287
137 621
847 879
876 749
178 1
420 790
141 110
152 486
36 426
212 877
999 113
424 775
504 125
48 945
84 728
996 13
776 9
749 737
86 998
753 278
294 242
680 592
932 684
226 625
536 935
682 461
223 604
519 476
891 710
406 501
883 560
132 674
34 760
811 96
755 55
447 291
721 657
278 458
166 15
792 416
491 37
147 52
135 66
661 1000
768 717
18 273
733 381
121 839
45 476
855 362
287 793
18 891
553 787
131 271
131 414
193 187
959 561
34 171
12 583
724 543
818 977
152 231
939 231
872 35
284 778
104 979
717 917
51 649
38 706
734 472
819 508
115 857
857 389
478 486
954 899
368 540
76 624
398 651
927 113
697 873
393 566
338 647
48 826
541 225
3 120
880 707
760 638
45 560
148 316
435 469
452 712
318 697
663 195
938 674
671 682
364 328
922 448
273 853
93 454
703 220
731 30
728 466
229 561
339 572
452 575
658 102
138 641
598 673
666 125
27 446
307 377
947 376
58 698
8 352
865 144
913 271
718 28
104 303
713 329
265 382
305 352
950 523
12 51
822 1
774 723
651 956
313 871
31 851
189 525
641 825
613 817
194 275
65 868
498 144
963 270
610 331
778 633
207 567
49 664
584 334
148 46
358 174
426 839
232 795
494 916
826 974
468 346
97 689
104 870
752 339
654 116
236 705
643 319
956 537
17 92
51 421
397 915
155 52
307 746
27 324
875 250
918 365
341 686
57 929
630 698
327 823
257 829
843 822
780 803
247 872
551 161
980 603
637 427
733 453
499 702
912 13
28 832
411 560
398 935
975 182
590 549
740 595
530 637
444 413
223 56
877 169
927 813
886 245
655 343
613 198
307 207
678 624
630 99
455 210
797 826
943 636
198 969
312 234
606 398
2 544
824 429
530 242
738 988
634 252
171 859
31 703
230 504
637 547
170 535
794 918
528 645
784 542
475 487
503 286
198 960
140 762
345 456
267 666
195 12
90 258
650 800
892 926
916 857
727 56
925 718
275 506
660 598
182 393
509 714
75 334
579 698
977 780
308 354
763 114
932 505
928 30
906 784
268 917
396 908
900 229
286 27
73 213
93 249
570 135
5 284
889 79
488 17
77 524
809 792
573 538
567 183
215 414
436 308
382 705
924 675
554 431
482 379
295 903
136 190
995 763
635 113
541 251
905 94
252 692
100 817
980 79
678 614
920 664
394 215
192 494
823 993
286 354
840 681
597 100
253 952
763 138
958 956
509 436
571 394
718 7
476 618
226 52
136 588
818 393
960 548
352 840
886 290
551 880
541 349
917 940
272 240
259 936
616 7
273 558
532 546
483 23
563 657
698 31
421 746
246 120
736 149
85 71
336 502
558 715
53 114
125 21
387 13
817 51
506 690
783 714
620 734
103 336
757 679
337 420
558 692
57 278
71 890
441 585
328 818
25 624
360 551
108 189
544 933
772 479
80 599
173 570
264 104
565 429
777 153
618 959
516 182
185 817
149 75
401 645
588 565
952 63
608 327
924 990
208 205
462 463
267 357
89 129
765 863
537 503
112 357
602 55
630 115
144 92
614 228
334 221
910 233
738 345
436 502
695 24
986 712
946 478
217 76
185 303
593 254
886 385
666 741
237 836
665 510
793 850
52 219
528 209
127 411
481 836
113 910
342 262
799 614
448 933
980 460
112 453
268 303
972 843
558 379
393 251
444 162
637 958
732 747
218 299
840 177
543 901
492 249
466 306
236 217
505 942
433 238
713 117
482 724
571 473
397 803
649 570
671 244
998 662
975 114
9 288
405 76
798 746
270 617
253 507
799 786
551 874
313 298
94 462
656 862
395 808
34 599
407 855
976 532
384 535
441 557
480 628
784 580
275 704
439 717
727 978
394 819
246 302
19 709
864 392
482 408
251 240
371 512
61 219
904 727
413 266
86 880
597 357
552 619
96 430
235 40
553 902
847 71
920 585
321 177
34 724
838 983
822 697
453 479
837 704
865 85
319 631
663 665
804 342
310 578
468 701
908 257
274 942
721 683
261 958
61 755
626 281
222 199
895 135
381 213
81 6
959 753
384 616
155 472
449 584
157 127
307 436
230 973
169 147
614 803
985 323
484 95
988 69
193 481
478 43
838 597
783 978
758 999
790 132
527 235
825 815
76 227
761 499
158 856
158 146
858 746
231 752
581 22
766 178
11 579
691 956
760 98
540 551
480 23
266 228
692 727
984 809
129 477
117 389
88 522
315 984
309 383
969 32
217 538
815 740
273 927
711 956
516 717
956 968
550 331
457 675
414 855
193 378
79 630
326 967
987 329
431 77
116 308
324 469
312 116
325 990
532 286
461 796
337 487
142 669
18 916
74 982
796 899
509 302
698 697
74 973
311 124
299 252
624 677
846 990
476 867
822 753
39 598
679 712
161 957
196 768
833 510
98 917
130 895
87 345
839 234
107 486
500 388
876 923
807 250
416 882
473 270
393 817
991 502
712 312
168 324
105 886
478 519
601 126
630 704
408 396
78 292
415 110
780 110
966 200
987 769
621 982
525 554
384 812
268 894
701 347
705 348
93 586
595 802
873 58
237 220
265 921
471 166
86 212
609 318
547 504
122 390
738 544
494 781
60 72
197 978
609 56
865 683
546 520
595 720
470 483
807 885
348 239
133 983
419 476
160 170
834 367
77 765
98 939
63 275
947 817
911 147
31 489
945 498
4 344
579 75
578 677
722 356
84 312
319 698
445 255
555 55
649 332
634 362
920 388
391 194
475 517
110 779
542 723
819 573
124 736
944 916
154 674
916 717
980 908
989 861
91 167
163 724
472 138
901 977
550 868
248 426
418 177
892 326
577 452
395 736
95 668
848 786
300 240
440 621
700 361
13 312
694 186
478 384
620 606
18 478
273 268
5 384
892 849
819 386
810 583
42 681
615 810
176 632
176 523
992 708
592 214
254 661
109 667
383 582
374 367
16 341
676 133
604 796
218 753
271 242
22 349
132 306
544 213
381 252
266 757
44 143
973 775
433 200
136 536
310 997
998 665
704 116
943 366
462 744
917 821
595 865
488 901
934 354
942 977
828 785
771 286
611 280
182 760
826 54
757 166
250 370
971 828
295 112
927 335
887 901
168 744
299 864
264 185
988 749
282 77
484 916
970 673
906 812
287 425
558 613
692 943
673 889
711 884
597 465
96 916
421 968
217 88
233 572
427 571
616 810
146 222
808 605
628 132
476 379
581 499
62 333
706 505
789 243
474 710
677 484
104 764
89 132
859 520
565 469
483 722
914 513
267 51
409 748
517 809
845 57
602 241
172 256
343 688
792 387
56 232
350 601
686 227
105 920
413 783
967 913
295 402
949 475
868 450
934 712
519 223
396 48
807 855
209 815
961 520
751 425
340 659
680 567
168 743
488 130
641 64
491 112
946 92
673 728
836 722
588 56
787 434
577 70
905 42
909 949
239 635
676 666
350 811
421 599
192 526
181 508
573 117
977 502
391 994
193 599
67 60
849 248
39 699
310 797
562 463
515 363
664 557
497 569
395 676
259 947
548 589
193 483
911 810
354 525
260 825
982 295
733 189
771 873
66 286
555 699
197 504
106 105
227 858
447 53
805 799
226 466
90 358
617 546
718 126
335 503
412 985
304 755
214 134
976 898
99 711
173 37
230 791
173 983
649 667
288 352
114 598
330 621
322 497
643 985
270 276
978 975
18 29
895 379
186 820
365 506
102 678
423 228
509 53
626 136
59 223
832 414
132 640
737 81
363 976
689 430
626 738
271 841
47 112
372 574
535 788
195 775
649 513
441 9
859 817
540 318
211 524
436 330
466 730
484 542
738 404
349 979
705 855
479 86
966 895
459 200
566 695
410 480
352 800
983 255
961 365
189 8
36 881
335 178
879 740
413 999
510 380
239 932
753 741
39 366
728 185
883 957
301 518
